 #PTEnvel2

#bubble        
  bubble           149.99999999999997        1.2470361692037357        0.0000000000000000       0.10000000000000001       0.90000000000000002       0.99991444859338618        8.5551406613951271E-005
  bubble           150.52647763592327        1.2746192858798306        0.0000000000000000       0.10000000000000001       0.90000000000000002       0.99990956832711630        9.0431672892581650E-005
  bubble           151.08340219795005        1.3042113027880855        0.0000000000000000       0.10000000000000001       0.90000000000000002       0.99990414414498263        9.5855855029356598E-005
  bubble           151.67277242598107        1.3359916498164857        0.0000000000000000       0.10000000000000001       0.90000000000000002       0.99989809825303677        1.0190174697982639E-004
  bubble           152.29674635269151        1.3701580021205957        0.0000000000000000       0.10000000000000001       0.90000000000000002       0.99989133923398055        1.0866076601948235E-004
  bubble           152.92604659548505        1.4051626746033670        0.0000000000000000       0.10000000000000001       0.90000000000000002       0.99988413189744829        1.1586810257804675E-004
  bubble           153.59262338066466        1.4428380332624147        0.0000000000000000       0.10000000000000001       0.90000000000000002       0.99987604912869132        1.2395087134520265E-004
  bubble           154.08640072444803        1.4711435449362051        0.0000000000000000       0.10000000000000001       0.90000000000000002       0.99986975094989461        1.3024905011729262E-004
  bubble           154.60841276914064        1.5014354744940921        0.0000000000000000       0.10000000000000001       0.90000000000000002       0.99986279314996840        1.3720685004767034E-004
  bubble           155.16047738961453        1.5338832129880366        0.0000000000000000       0.10000000000000001       0.90000000000000002       0.99985508708775539        1.4491291226621591E-004
  bubble           155.74455252474374        1.5686738215351339        0.0000000000000000       0.10000000000000001       0.90000000000000002       0.99984652948913499        1.5347051089469003E-004
  bubble           156.36274961239391        1.6060142296721243        0.0000000000000000       0.10000000000000001       0.90000000000000002       0.99983699959424721        1.6300040579321541E-004
  bubble           157.01734861709289        1.6461337473202813        0.0000000000000000       0.10000000000000001       0.90000000000000002       0.99982635566513423        1.7364433492116511E-004
  bubble           157.71081489578913        1.6892869406326263        0.0000000000000000       0.10000000000000001       0.90000000000000002       0.99981443069168441        1.8556930831546695E-004
  bubble           158.41065701573626        1.7335167408670373        0.0000000000000000       0.10000000000000001       0.90000000000000002       0.99980168677426606        1.9831322573416995E-004
  bubble           159.11696713629604        1.7788478400201284        0.0000000000000000       0.10000000000000001       0.90000000000000002       0.99978806767208406        2.1193232791617784E-004
  bubble           159.82983937605420        1.8253054098390487        0.0000000000000000       0.10000000000000001       0.90000000000000002       0.99977351328208330        2.2648671791652118E-004
  bubble           160.54936987777700        1.8729151080148507        0.0000000000000000       0.10000000000000001       0.90000000000000002       0.99975795937365020        2.4204062634977609E-004
  bubble           161.27565686837286        1.9217030843266254        0.0000000000000000       0.10000000000000001       0.90000000000000002       0.99974133730515113        2.5866269484899686E-004
  bubble           162.00880072127742        1.9716959863721921        0.0000000000000000       0.10000000000000001       0.90000000000000002       0.99972357372100884        2.7642627899110596E-004
  bubble           162.74890459891643        2.0229200784915706        0.0000000000000000       0.10000000000000001       0.90000000000000002       0.99970459022816893        2.9540977202559715E-004
  bubble           163.53361750620067        2.0780632498332916        0.0000000000000000       0.10000000000000001       0.90000000000000002       0.99968325288841486        3.1674711158501839E-004
  bubble           164.32624331605157        2.1346274498839679        0.0000000000000000       0.10000000000000001       0.90000000000000002       0.99966037436064004        3.3962563936022620E-004
  bubble           165.12690893622326        2.1926462856998068        0.0000000000000000       0.10000000000000001       0.90000000000000002       0.99963584332518873        3.6415667481116845E-004
  bubble           165.93574446818849        2.2521537585660876        0.0000000000000000       0.10000000000000001       0.90000000000000002       0.99960954042203864        3.9045957796158404E-004
  bubble           166.75288319902032        2.3131844482686752        0.0000000000000000       0.10000000000000001       0.90000000000000002       0.99958133766983426        4.1866233016597869E-004
  bubble           167.57846167139158        2.3757735698537328        0.0000000000000000       0.10000000000000001       0.90000000000000002       0.99955109784317475        4.4890215682518602E-004
  bubble           168.41261978153727        2.4399569942515922        0.0000000000000000       0.10000000000000001       0.90000000000000002       0.99951867380491954        4.8132619508044590E-004
  bubble           169.25550088817081        2.5057712586562260        0.0000000000000000       0.10000000000000001       0.90000000000000002       0.99948390779026508        5.1609220973478109E-004
  bubble           170.10725192764951        2.5732535740186027        0.0000000000000000       0.10000000000000001       0.90000000000000002       0.99944663063911487        5.5336936088511233E-004
  bubble           170.96802353420890        2.6424418317310003        0.0000000000000000       0.10000000000000001       0.90000000000000002       0.99940666097299968        5.9333902700016026E-004
  bubble           171.83797016509740        2.7133746100512393        0.0000000000000000       0.10000000000000001       0.90000000000000002       0.99936380431255079        6.3619568744896233E-004
  bubble           172.71725023076428        2.7860911803630994        0.0000000000000000       0.10000000000000001       0.90000000000000002       0.99931785213122604        6.8214786877410032E-004
  bubble           173.60602623022680        2.8606315134142593        0.0000000000000000       0.10000000000000001       0.90000000000000002       0.99926858084068604        7.3141915931389766E-004
  bubble           174.50446541858733        2.9370354864889068        0.0000000000000000       0.10000000000000001       0.90000000000000002       0.99921575070288948        7.8424929711040485E-004
  bubble           175.41273753053201        3.0153465650200140        0.0000000000000000       0.10000000000000001       0.90000000000000002       0.99915910466360336        8.4089533639658044E-004
  bubble           176.33101922913698        3.0956052917928658        0.0000000000000000       0.10000000000000001       0.90000000000000002       0.99909836710166156        9.0163289833841394E-004
  bubble           177.25949072380476        3.1778546631871394        0.0000000000000000       0.10000000000000001       0.90000000000000002       0.99903324248788206        9.6675751211769293E-004
  bubble           178.19833713933807        3.2621383094977445        0.0000000000000000       0.10000000000000001       0.90000000000000002       0.99896341394711929        1.0365860528806880E-003
  bubble           179.14774865136937        3.3485005562400900        0.0000000000000000       0.10000000000000001       0.90000000000000002       0.99888854171645058        1.1114582835493434E-003
  bubble           180.10792064918266        3.4369864547718745        0.0000000000000000       0.10000000000000001       0.90000000000000002       0.99880826149200308        1.1917385079969250E-003
  bubble           181.07905391497982        3.5276417993287241        0.0000000000000000       0.10000000000000001       0.90000000000000002       0.99872218265636803        1.2778173436319392E-003
  bubble           182.06135481474405        3.6205131383694855        0.0000000000000000       0.10000000000000001       0.90000000000000002       0.99862988637798500        1.3701136220151400E-003
  bubble           183.05503549879765        3.7156477837206143        0.0000000000000000       0.10000000000000001       0.90000000000000002       0.99853092357324269        1.4690764267574030E-003
  bubble           184.06031411136587        3.8130938191951791        0.0000000000000000       0.10000000000000001       0.90000000000000002       0.99842481272138606        1.5751872786142190E-003
  bubble           185.07741500920079        3.9129001092967512        0.0000000000000000       0.10000000000000001       0.90000000000000002       0.99831103752159123        1.6889624784087605E-003
  bubble           186.10656898940630        4.0151163085187589        0.0000000000000000       0.10000000000000001       0.90000000000000002       0.99818904438081635        1.8109556191834224E-003
  bubble           187.14801352689338        4.1197928713753544        0.0000000000000000       0.10000000000000001       0.90000000000000002       0.99805823972019680        1.9417602798031475E-003
  bubble           188.20199302186322        4.2269810634055780        0.0000000000000000       0.10000000000000001       0.90000000000000002       0.99791798708688351        2.0820129131167353E-003
  bubble           189.26875905778169        4.3367329733447999        0.0000000000000000       0.10000000000000001       0.90000000000000002       0.99776760405727094        2.2323959427289789E-003
  bubble           190.34857067037916        4.4491015266319991        0.0000000000000000       0.10000000000000001       0.90000000000000002       0.99760635891654847        2.3936410834515245E-003
  bubble           191.44169520148424        4.5641396229894688        0.0000000000000000       0.10000000000000001       0.90000000000000002       0.99743346709841119        2.5665329015886734E-003
  bubble           192.54840596081291        4.6819041802210002        0.0000000000000000       0.10000000000000001       0.90000000000000002       0.99724808736761850        2.7519126323813266E-003
  bubble           193.66898717838242        4.8024490410878826        0.0000000000000000       0.10000000000000001       0.90000000000000002       0.99704931772681682        2.9506822731835041E-003
  bubble           194.80373052032135        4.9258308147399834        0.0000000000000000       0.10000000000000001       0.90000000000000002       0.99683619102771270        3.1638089722875063E-003
  bubble           195.95293669439067        5.0521069540534569        0.0000000000000000       0.10000000000000001       0.90000000000000002       0.99660767026524766        3.3923297347523058E-003
  bubble           197.11691576698735        5.1813358303398198        0.0000000000000000       0.10000000000000001       0.90000000000000002       0.99636264353186776        3.6373564681322001E-003
  bubble           198.29598751146943        5.3135767879599278        0.0000000000000000       0.10000000000000001       0.90000000000000002       0.99609991860734315        3.9000813926565957E-003
  bubble           199.49048178117698        5.4488901908209861        0.0000000000000000       0.10000000000000001       0.90000000000000002       0.99581821715781482        4.1817828421850953E-003
  bubble           200.70073890405973        5.5873374675383634        0.0000000000000000       0.10000000000000001       0.90000000000000002       0.99551616851583646        4.4838314841634443E-003
  bubble           201.92711009785816        5.7289811591294519        0.0000000000000000       0.10000000000000001       0.90000000000000002       0.99519230301115535        4.8076969888446132E-003
  bubble           203.16995790595178        5.8738849715582990        0.0000000000000000       0.10000000000000001       0.90000000000000002       0.99484504481977454        5.1549551802252810E-003
  bubble           204.42965665466542        6.0221138346541254        0.0000000000000000       0.10000000000000001       0.90000000000000002       0.99447270429650825        5.5272957034918357E-003
  bubble           205.70659293319412        6.1737339686460784        0.0000000000000000       0.10000000000000001       0.90000000000000002       0.99407346975371702        5.9265302462831832E-003
  bubble           207.00116609759158        6.3288129594320948        0.0000000000000000       0.10000000000000001       0.90000000000000002       0.99364539864622747        6.3546013537723670E-003
  bubble           208.31378907837126        6.4874194151300344        0.0000000000000000       0.10000000000000001       0.90000000000000002       0.99318640811954195        6.8135918804582956E-003
  bubble           209.64488758867728        6.6496251430134734        0.0000000000000000       0.10000000000000001       0.90000000000000002       0.99269426487534318        7.3057351246569226E-003
  bubble           210.99490329098873        6.8155012795753249        0.0000000000000000       0.10000000000000001       0.90000000000000002       0.99216657430499700        7.8334256950030115E-003
  bubble           212.36429202553271        6.9851220996580725        0.0000000000000000       0.10000000000000001       0.90000000000000002       0.99160076883816461        8.3992311618353403E-003
  bubble           213.75352547972568        7.1585635877789020        0.0000000000000000       0.10000000000000001       0.90000000000000002       0.99099409544984296        9.0059045501571858E-003
  bubble           215.16309198641062        7.3359034271721697        0.0000000000000000       0.10000000000000001       0.90000000000000002       0.99034360226504126        9.6563977349587698E-003
  bubble           216.59349615434857        7.5172228753174526        0.0000000000000000       0.10000000000000001       0.90000000000000002       0.98964612419592113        1.0353875804078934E-002
  bubble           218.04526178963800        7.7026036447414388        0.0000000000000000       0.10000000000000001       0.90000000000000002       0.98889826754150878        1.1101732458491047E-002
  bubble           219.51893057881946        7.8921314303207470        0.0000000000000000       0.10000000000000001       0.90000000000000002       0.98809639347505396        1.1903606524945917E-002
  bubble           221.01506409388082        8.0858944121210712        0.0000000000000000       0.10000000000000001       0.90000000000000002       0.98723660033868288        1.2763399661316861E-002
  bubble           222.53424403005047        8.2839846076234149        0.0000000000000000       0.10000000000000001       0.90000000000000002       0.98631470465920479        1.3685295340795336E-002
  bubble           224.07707429162190        8.4864964982422819        0.0000000000000000       0.10000000000000001       0.90000000000000002       0.98532622079269194        1.4673779207308099E-002
  bubble           225.64418088664783        8.6935291869201397        0.0000000000000000       0.10000000000000001       0.90000000000000002       0.98426633909880124        1.5733660901198640E-002
  bubble           227.23621366766096        8.9051858615164416        0.0000000000000000       0.10000000000000001       0.90000000000000002       0.98312990253863064        1.6870097461369627E-002
  bubble           228.85384742588411        9.1215744337199922        0.0000000000000000       0.10000000000000001       0.90000000000000002       0.98191138158224622        1.8088618417753503E-002
  bubble           230.49778320089698        9.3428080401445293        0.0000000000000000       0.10000000000000001       0.90000000000000002       0.98060484730379704        1.9395152696203049E-002
  bubble           232.16874969148779        9.5690056036275966        0.0000000000000000       0.10000000000000001       0.90000000000000002       0.97920394253328791        2.0796057466712297E-002
  bubble           233.86750477875660        9.8002924617086684        0.0000000000000000       0.10000000000000001       0.90000000000000002       0.97770185092466644        2.2298149075333923E-002
  bubble           235.59483717402054        10.036801070016327        0.0000000000000000       0.10000000000000001       0.90000000000000002       0.97609126378970235        2.3908736210297654E-002
  bubble           237.35156820584908        10.278671789033620        0.0000000000000000       0.10000000000000001       0.90000000000000002       0.97436434453629472        2.5635655463705248E-002
  bubble           239.13855376265454        10.526053763429839        0.0000000000000000       0.10000000000000001       0.90000000000000002       0.97251269053816625        2.7487309461833698E-002
  bubble           240.95668640988848        10.779105903640302        0.0000000000000000       0.10000000000000001       0.90000000000000002       0.97052729225042378        2.9472707749576253E-002
  bubble           242.80689770415725        11.037997979540783        0.0000000000000000       0.10000000000000001       0.90000000000000002       0.96839848937204831        3.1601510627951586E-002
  bubble           244.69016073084080        11.302911835505567        0.0000000000000000       0.10000000000000001       0.90000000000000002       0.96611592384201994        3.3884076157980281E-002
  bubble           246.60749228856693        11.574043660451323        0.0000000000000000       0.10000000000000001       0.90000000000000002       0.96366848944036598        3.6331510559633955E-002
  bubble           248.55995779877324        11.851602690515932        0.0000000000000000       0.10000000000000001       0.90000000000000002       0.96104427774891787        3.8955722251082119E-002
  bubble           250.54867191520992        12.135817114076543        0.0000000000000000       0.10000000000000001       0.90000000000000002       0.95823052020882593        4.1769479791173979E-002
  bubble           252.57480459043231        12.426932411343500        0.0000000000000000       0.10000000000000001       0.90000000000000002       0.95521352599291542        4.4786474007084465E-002
  bubble           254.63958381579130        12.725215582965998        0.0000000000000000       0.10000000000000001       0.90000000000000002       0.95197861539058248        4.8021384609417378E-002
  bubble           256.74430062621491        13.030956880825697        0.0000000000000000       0.10000000000000001       0.90000000000000002       0.94851004838110675        5.1489951618893012E-002
  bubble           258.89031407898824        13.344472644545608        0.0000000000000000       0.10000000000000001       0.90000000000000002       0.94479094804784092        5.5209051952159229E-002
  bubble           261.07905685389676        13.666108404827835        0.0000000000000000       0.10000000000000001       0.90000000000000002       0.94080321846063242        5.9196781539367575E-002
  bubble           263.31204151218174        13.996242363160290        0.0000000000000000       0.10000000000000001       0.90000000000000002       0.93652745662692782        6.3472543373071982E-002
  bubble           265.59086766558653        14.335289068345094        0.0000000000000000       0.10000000000000001       0.90000000000000002       0.93194285808313304        6.8057141916866862E-002
  bubble           267.91722901606278        14.683705024733150        0.0000000000000000       0.10000000000000001       0.90000000000000002       0.92702711566687324        7.2972884333126806E-002
  bubble           270.29292368839447        15.041991413033388        0.0000000000000000       0.10000000000000001       0.90000000000000002       0.92175631097761157        7.8243689022388679E-002
  bubble           272.71986289230131        15.410701892245045        0.0000000000000000       0.10000000000000001       0.90000000000000002       0.91610479799750666        8.3895202002493494E-002
  bubble           275.20008251065474        15.790448082840001        0.0000000000000000       0.10000000000000001       0.90000000000000002       0.91004507830624926        8.9954921693751133E-002
  bubble           277.73575588706234        16.181906992559600        0.0000000000000000       0.10000000000000001       0.90000000000000002       0.90354766728270874        9.6452332717291686E-002
  bubble           280.32920817497433        16.585829357151212        0.0000000000000000       0.10000000000000001       0.90000000000000002       0.89658095064237797       0.10341904935762272     
  bubble           282.98293272198396        17.003049146761381        0.0000000000000000       0.10000000000000001       0.90000000000000002       0.88911103061256647       0.11088896938743452     
  bubble           285.69960973118833        17.434494487141134        0.0000000000000000       0.10000000000000001       0.90000000000000002       0.88110156099688719       0.11889843900311446     
  bubble           288.48212766517452        17.881200116893680        0.0000000000000000       0.10000000000000001       0.90000000000000002       0.87251357032650911       0.12748642967349336     
  bubble           291.33360771840745        18.344321841177866        0.0000000000000000       0.10000000000000001       0.90000000000000002       0.86330527223769171       0.13669472776231176     
  bubble           294.25743194136015        18.825153262999397        0.0000000000000000       0.10000000000000001       0.90000000000000002       0.85343186215295708       0.14656813784704772     
  bubble           297.25727588844779        19.325144920621256        0.0000000000000000       0.10000000000000001       0.90000000000000002       0.84284529927661822       0.15715470072338861     
  bubble           300.33714609088412        19.845926964649102        0.0000000000000000       0.10000000000000001       0.90000000000000002       0.83149407284392385       0.16850592715608628     
  bubble           303.50142380828322        20.389335318772819        0.0000000000000000       0.10000000000000001       0.90000000000000002       0.81932295148646350       0.18067704851355093     
  bubble           306.75491590066827        20.957442466650509        0.0000000000000000       0.10000000000000001       0.90000000000000002       0.80627271449433169       0.19372728550568943     
  bubble           310.10291433022002        21.552593617757132        0.0000000000000000       0.10000000000000001       0.90000000000000002       0.79227986366745151       0.20772013633257963     
  bubble           313.55126578232489        22.177449590776995        0.0000000000000000       0.10000000000000001       0.90000000000000002       0.77727631435402922       0.22272368564601758     
  bubble           317.10645411838544        22.835036991355594        0.0000000000000000       0.10000000000000001       0.90000000000000002       0.76118906417282739       0.23881093582724405     
  bubble           320.77569698727245        23.528808663238767        0.0000000000000000       0.10000000000000001       0.90000000000000002       0.74393983780736950       0.25606016219273992     
  bubble           324.56706083527911        24.262714912267544        0.0000000000000000       0.10000000000000001       0.90000000000000002       0.72544470614376455       0.27455529385640581     
  bubble           328.48959716579839        25.041288628156071        0.0000000000000000       0.10000000000000001       0.90000000000000002       0.70561367789899199       0.29438632210127774     
  bubble           332.55350452581280        25.869746517233132        0.0000000000000000       0.10000000000000001       0.90000000000000002       0.68435026175265345       0.31564973824778159     
  bubble           336.77032093102309        26.754109076631607        0.0000000000000000       0.10000000000000001       0.90000000000000002       0.66155099685166419       0.33844900314905152     
  bubble           341.15315172982554        27.701341401042349        0.0000000000000000       0.10000000000000001       0.90000000000000002       0.63710494940348406       0.36289505059772281     
  bubble           345.71693651386062        28.719515877485424        0.0000000000000000       0.10000000000000001       0.90000000000000002       0.61089317290847689       0.38910682709361344     
  bubble           350.47875771769833        29.817991778340886        0.0000000000000000       0.10000000000000001       0.90000000000000002       0.58278812940511082       0.41721187059862663     
  bubble           355.45818100138990        31.007600799584971        0.0000000000000000       0.10000000000000001       0.90000000000000002       0.55265306891202604       0.44734693109490842     
  bubble           360.67760245662527        32.300800729085559        0.0000000000000000       0.10000000000000001       0.90000000000000002       0.52034136404774756       0.47965863596569375     
  bubble           366.16252552330366        33.711713141341072        0.0000000000000000       0.10000000000000001       0.90000000000000002       0.48569579659108753       0.51430420343636629     
  bubble           369.97959212271479        34.725052786822403        0.0000000000000000       0.10000000000000001       0.90000000000000002       0.46122631175510237       0.53877368824690508     
  bubble           373.56803843219183        35.700891694505700        0.0000000000000000       0.10000000000000001       0.90000000000000002       0.43798960614500509       0.56201039385618279     
  bubble           376.94743970556061        36.639822926872178        0.0000000000000000       0.10000000000000001       0.90000000000000002       0.41592357201190061       0.58407642798882298     
  bubble           380.13413741238173        37.542083638690961        0.0000000000000000       0.10000000000000001       0.90000000000000002       0.39496923061198430       0.60503076938846756     
  bubble           383.14190707441276        38.407641048250973        0.0000000000000000       0.10000000000000001       0.90000000000000002       0.37507057456642368       0.62492942543386487     
  bubble           385.98246212079061        39.236258049621767        0.0000000000000000       0.10000000000000001       0.90000000000000002       0.35617441816319212       0.64382558183699579     
  bubble           388.66584046597694        40.027544175582875        0.0000000000000000       0.10000000000000001       0.90000000000000002       0.33823025520073680       0.66176974479938777     
  bubble           391.20070501593466        40.780996185221909        0.0000000000000000       0.10000000000000001       0.90000000000000002       0.32119012399351998       0.67880987600656384     
  bubble           393.59458058940010        41.496030814518676        0.0000000000000000       0.10000000000000001       0.90000000000000002       0.30500847917861851       0.69499152082143878     
  bubble           395.85404271263326        42.172011757284103        0.0000000000000000       0.10000000000000001       0.90000000000000002       0.28964206998074027       0.71035793001929926     
  bubble           397.98486976181982        42.808272182293045        0.0000000000000000       0.10000000000000001       0.90000000000000002       0.27504982461028260       0.72495017538974504     
  bubble           399.99216666491395        43.404133832406949        0.0000000000000000       0.10000000000000001       0.90000000000000002       0.26119274048544716       0.73880725951457249     
  bubble           401.88046645400436        43.958923377296394        0.0000000000000000       0.10000000000000001       0.90000000000000002       0.24803377998499443       0.75196622001501956     
  bubble           403.65381420321188        44.471986592255092        0.0000000000000000       0.10000000000000001       0.90000000000000002       0.23553777145300239       0.76446222854700774     
  bubble           405.31583723837360        44.942700684353397        0.0000000000000000       0.10000000000000001       0.90000000000000002       0.22367131519103212       0.77632868480897521     
  bubble           406.86980357376757        45.370485255555295        0.0000000000000000       0.10000000000000001       0.90000000000000002       0.21240269418643304       0.78759730581357235     
  bubble           408.31867200011862        45.754811704072765        0.0000000000000000       0.10000000000000001       0.90000000000000002       0.20170178933818084       0.79829821066182305     
  bubble           409.66513394380564        46.095211837405266        0.0000000000000000       0.10000000000000001       0.90000000000000002       0.19153999895365961       0.80846000104634330     
  bubble           410.91164973307514        46.391285245078521        0.0000000000000000       0.10000000000000001       0.90000000000000002       0.18189016230121868       0.81810983769878354     
  bubble           412.06047959178790        46.642705866961890        0.0000000000000000       0.10000000000000001       0.90000000000000002       0.17272648701417129       0.82727351298583029     
  bubble           413.11371045200355        46.849227713614049        0.0000000000000000       0.10000000000000001       0.90000000000000002       0.16402448015220006       0.83597551984780127     
  bubble           414.07327924647245        47.010689802801053        0.0000000000000000       0.10000000000000001       0.90000000000000002       0.15576088273590680       0.84423911726409417     
  bubble           414.94099309912588        47.127020449840273        0.0000000000000000       0.10000000000000001       0.90000000000000002       0.14791360757952990       0.85208639242047091     
  bubble           415.71854738378624        47.198240600666928        0.0000000000000000       0.10000000000000001       0.90000000000000002       0.14046168025566561       0.85953831974433492     
  bubble           416.40754109075181        47.224466856263099        0.0000000000000000       0.10000000000000001       0.90000000000000002       0.13338518303420280       0.86661481696579779     
  bubble           417.00949080233761        47.205913553986818        0.0000000000000000       0.10000000000000001       0.90000000000000002       0.12666520164562922       0.87333479835437122     
  bubble           417.52584292195553        47.142894331094702        0.0000000000000000       0.10000000000000001       0.90000000000000002       0.12028377472641674       0.87971622527358362     
  bubble           417.95798461618659        47.035823053188658        0.0000000000000000       0.10000000000000001       0.90000000000000002       0.11422384581136154       0.88577615418863864     
  bubble           418.30725334705164        46.885214044952455        0.0000000000000000       0.10000000000000001       0.90000000000000002       0.10846921774456329       0.89153078225543669     


#dew           
  dew              418.87545275430523        46.157077543455927        1.0000000000000000        9.2538955798096234E-002  0.90746104420190365       0.10000000000000001       0.90000000000000002     
  dew              418.90127408740875        45.870389579460131        1.0000000000000000        8.8332261899757764E-002  0.91166773810024249       0.10000000000000001       0.90000000000000002     
  dew              418.89083715566738        45.714993720432375        1.0000000000000000        8.6301179194830435E-002  0.91369882080516962       0.10000000000000001       0.90000000000000002     
  dew              418.86498084655113        45.551691488751537        1.0000000000000000        8.4316798531326384E-002  0.91568320146867355       0.10000000000000001       0.90000000000000002     
  dew              418.82381341003037        45.380584070142085        1.0000000000000000        8.2378046058009621E-002  0.91762195394199031       0.10000000000000001       0.90000000000000002     
  dew              418.76744422763642        45.201774935254733        1.0000000000000000        8.0483872615422947E-002  0.91951612738457711       0.10000000000000001       0.90000000000000002     
  dew              418.69598151991198        45.015372183887273        1.0000000000000000        7.8633253168133466E-002  0.92136674683186648       0.10000000000000001       0.90000000000000002     
  dew              418.60953377133455        44.821487036832238        1.0000000000000000        7.6825186250032651E-002  0.92317481374996735       0.10000000000000001       0.90000000000000002     
  dew              418.50820950723966        44.620234074627191        1.0000000000000000        7.5058693422391257E-002  0.92494130657760865       0.10000000000000001       0.90000000000000002     
  dew              418.39211736361580        44.411731155899147        1.0000000000000000        7.3332818744375347E-002  0.92666718125562453       0.10000000000000001       0.90000000000000002     
  dew              418.26136615351334        44.196099332262669        1.0000000000000000        7.1646628255737130E-002  0.92835337174426291       0.10000000000000001       0.90000000000000002     
  dew              418.11606493024595        43.973462759809728        1.0000000000000000        6.9999209471400689E-002  0.93000079052859930       0.10000000000000001       0.90000000000000002     
  dew              417.95632304750603        43.743948607293682        1.0000000000000000        6.8389670887669063E-002  0.93161032911233110       0.10000000000000001       0.90000000000000002     
  dew              417.78225021641504        43.507686961185875        1.0000000000000000        6.6817141499785265E-002  0.93318285850021465       0.10000000000000001       0.90000000000000002     
  dew              417.59395655965545        43.264810727679311        1.0000000000000000        6.5280770330586574E-002  0.93471922966941334       0.10000000000000001       0.90000000000000002     
  dew              417.39155266274020        43.015455531781193        1.0000000000000000        6.3779725969996592E-002  0.93622027403000363       0.10000000000000001       0.90000000000000002     
  dew              417.17514962247265        42.759759613644015        1.0000000000000000        6.2313196125106253E-002  0.93768680387489378       0.10000000000000001       0.90000000000000002     
  dew              416.94485909270429        42.497863722235486        1.0000000000000000        6.0880387180599932E-002  0.93911961281940015       0.10000000000000001       0.90000000000000002     
  dew              416.70079332742228        42.229911006513589        1.0000000000000000        5.9480523769289098E-002  0.94051947623071097       0.10000000000000001       0.90000000000000002     
  dew              416.44306522122287        41.956046904239777        1.0000000000000000        5.8112848352520965E-002  0.94188715164747905       0.10000000000000001       0.90000000000000002     
  dew              416.17178838313640        41.676419018748398        1.0000000000000000        5.6776620810235039E-002  0.94322337918976495       0.10000000000000001       0.90000000000000002     
  dew              415.88707701667857        41.391177046588965        1.0000000000000000        5.5471118040445758E-002  0.94452888195955431       0.10000000000000001       0.90000000000000002     
  dew              415.58904623115347        41.100472579097996        1.0000000000000000        5.4195633567934581E-002  0.94580436643206567       0.10000000000000001       0.90000000000000002     
  dew              415.27781177549957        40.804459079441962        1.0000000000000000        5.2949477161939575E-002  0.94705052283806057       0.10000000000000001       0.90000000000000002     
  dew              414.95349031126079        40.503291671912649        1.0000000000000000        5.1731974462635832E-002  0.94826802553736411       0.10000000000000001       0.90000000000000002     
  dew              414.61619928244238        40.197127080345844        1.0000000000000000        5.0542466616204353E-002  0.94945753338379557       0.10000000000000001       0.90000000000000002     
  dew              414.26605699029881        39.886123484431579        1.0000000000000000        4.9380309918292134E-002  0.95061969008170788       0.10000000000000001       0.90000000000000002     
  dew              413.90318261351570        39.570440395577599        1.0000000000000000        4.8244875465670356E-002  0.95175512453432976       0.10000000000000001       0.90000000000000002     
  dew              413.52769622663732        39.250238531561088        1.0000000000000000        4.7135548815902262E-002  0.95286445118409790       0.10000000000000001       0.90000000000000002     
  dew              413.13971881656630        38.925679690245595        1.0000000000000000        4.6051729654836490E-002  0.95394827034516361       0.10000000000000001       0.90000000000000002     
  dew              412.73937229702688        38.596926622600641        1.0000000000000000        4.4992831471745987E-002  0.95500716852825407       0.10000000000000001       0.90000000000000002     
  dew              412.32677952096230        38.264142905217788        1.0000000000000000        4.3958281241936646E-002  0.95604171875806332       0.10000000000000001       0.90000000000000002     
  dew              411.90206429083094        37.927492812517912        1.0000000000000000        4.2947519116653926E-002  0.95705248088334605       0.10000000000000001       0.90000000000000002     
  dew              411.46535136683605        37.587141188812659        1.0000000000000000        4.1959998120119690E-002  0.95804000187988025       0.10000000000000001       0.90000000000000002     
  dew              411.01676647308670        37.243253320402715        1.0000000000000000        4.0995183853535261E-002  0.95900481614646471       0.10000000000000001       0.90000000000000002     
  dew              410.55643630171522        36.895994807875979        1.0000000000000000        4.0052554205890517E-002  0.95994744579410973       0.10000000000000001       0.90000000000000002     
  dew              410.08448851498815        36.545531438774411        1.0000000000000000        3.9131599071422572E-002  0.96086840092857762       0.10000000000000001       0.90000000000000002     
  dew              409.60105174541883        36.192029060794830        1.0000000000000000        3.8231820073571114E-002  0.96176817992642893       0.10000000000000001       0.90000000000000002     
  dew              409.10625563212881        35.835653444586733        1.0000000000000000        3.7352730295280974E-002  0.96264726970471914       0.10000000000000001       0.90000000000000002     
  dew              408.60023064056713        35.476570209812230        1.0000000000000000        3.6493854015506137E-002  0.96350614598449391       0.10000000000000001       0.90000000000000002     
  dew              408.08310837151032        35.114944609453353        1.0000000000000000        3.5654726451772360E-002  0.96434527354822752       0.10000000000000001       0.90000000000000002     
  dew              407.55502129229922        34.750941482735136        1.0000000000000000        3.4834893508659329E-002  0.96516510649134080       0.10000000000000001       0.90000000000000002     
  dew              407.01610281721167        34.384725107299808        1.0000000000000000        3.4033911532066044E-002  0.96596608846793408       0.10000000000000001       0.90000000000000002     
  dew              406.46648729347226        34.016459079817302        1.0000000000000000        3.3251347069126642E-002  0.96674865293087342       0.10000000000000001       0.90000000000000002     
  dew              405.90630998700215        33.646306197787233        1.0000000000000000        3.2486776633646554E-002  0.96751322336635348       0.10000000000000001       0.90000000000000002     
  dew              405.33570706713010        33.274428342919570        1.0000000000000000        3.1739786476932152E-002  0.96826021352306801       0.10000000000000001       0.90000000000000002     
  dew              404.75481558993090        32.900986366351340        1.0000000000000000        3.1009972363889950E-002  0.96899002763611020       0.10000000000000001       0.90000000000000002     
  dew              404.16377348002413        32.526139975892796        1.0000000000000000        3.0296939354273966E-002  0.96970306064572609       0.10000000000000001       0.90000000000000002     
  dew              403.56271951079344        32.150047625465099        1.0000000000000000        2.9600301588963138E-002  0.97039969841103679       0.10000000000000001       0.90000000000000002     
  dew              402.95179328302879        31.772866406867088        1.0000000000000000        2.8919682081152920E-002  0.97108031791884708       0.10000000000000001       0.90000000000000002     
  dew              402.33113520202062        31.394751944003499        1.0000000000000000        2.8254712512348214E-002  0.97174528748765188       0.10000000000000001       0.90000000000000002     
  dew              401.70088645313820        31.015858289697341        1.0000000000000000        2.7605033033047094E-002  0.97239496696695293       0.10000000000000001       0.90000000000000002     
  dew              401.06118902089207        30.636337811374275        1.0000000000000000        2.6970292068007648E-002  0.97302970793199250       0.10000000000000001       0.90000000000000002     
  dew              400.41218544945588        30.256341158608489        1.0000000000000000        2.6350146125992326E-002  0.97364985387400760       0.10000000000000001       0.90000000000000002     
  dew              399.75401920359559        29.876017048661129        1.0000000000000000        2.5744259613887086E-002  0.97425574038611285       0.10000000000000001       0.90000000000000002     
  dew              399.08683432654243        29.495512280243911        1.0000000000000000        2.5152304655094517E-002  0.97484769534490545       0.10000000000000001       0.90000000000000002     
  dew              398.41077542166494        29.114971598884694        1.0000000000000000        2.4573960912102854E-002  0.97542603908789727       0.10000000000000001       0.90000000000000002     
  dew              397.72598779886630        28.734537625361469        1.0000000000000000        2.4008915413134720E-002  0.97599108458686534       0.10000000000000001       0.90000000000000002     
  dew              397.03261730130470        28.354350765708570        1.0000000000000000        2.3456862382781888E-002  0.97654313761721812       0.10000000000000001       0.90000000000000002     
  dew              396.33081030834103        27.974549135050108        1.0000000000000000        2.2917503076534354E-002  0.97708249692346560       0.10000000000000001       0.90000000000000002     
  dew              395.62071369927952        27.595268482270814        1.0000000000000000        2.2390545619114192E-002  0.97760945438088576       0.10000000000000001       0.90000000000000002     
  dew              394.90247486163969        27.216642102992502        1.0000000000000000        2.1875704846526733E-002  0.97812429515347332       0.10000000000000001       0.90000000000000002     
  dew              394.17624142790902        26.838800846275742        1.0000000000000000        2.1372702151743510E-002  0.97862729784825642       0.10000000000000001       0.90000000000000002     
  dew              393.44216168238489        26.461872901264655        1.0000000000000000        2.0881265333933585E-002  0.97911873466606636       0.10000000000000001       0.90000000000000002     
  dew              392.70038409451445        26.085983878169976        1.0000000000000000        2.0401128451161571E-002  0.97959887154883862       0.10000000000000001       0.90000000000000002     
  dew              391.95105743477279        25.711256699200739        1.0000000000000000        1.9932031676472627E-002  0.98006796832352749       0.10000000000000001       0.90000000000000002     
  dew              391.19433081097191        25.337811517701180        1.0000000000000000        1.9473721157286676E-002  0.98052627884271326       0.10000000000000001       0.90000000000000002     
  dew              390.43035348585062        24.965765716413593        1.0000000000000000        1.9025948878025584E-002  0.98097405112197433       0.10000000000000001       0.90000000000000002     
  dew              389.65927494868384        24.595233821527643        1.0000000000000000        1.8588472525899073E-002  0.98141152747410099       0.10000000000000001       0.90000000000000002     
  dew              388.88124480143648        24.226327484685310        1.0000000000000000        1.8161055359776735E-002  0.98183894464022348       0.10000000000000001       0.90000000000000002     
  dew              388.09641274503724        23.859155433607224        1.0000000000000000        1.7743466082075113E-002  0.98225653391792500       0.10000000000000001       0.90000000000000002     
  dew              387.30492852934321        23.493823438989732        1.0000000000000000        1.7335478713590591E-002  0.98266452128640946       0.10000000000000001       0.90000000000000002     
  dew              386.50694190923491        23.130434282832006        1.0000000000000000        1.6936872471210351E-002  0.98306312752878955       0.10000000000000001       0.90000000000000002     
  dew              385.70260260325807        22.769087729380601        1.0000000000000000        1.6547431648435161E-002  0.98345256835156480       0.10000000000000001       0.90000000000000002     
  dew              384.89206026500830        22.409880494775216        1.0000000000000000        1.6166945498649426E-002  0.98383305450135072       0.10000000000000001       0.90000000000000002     
  dew              384.07546427577029        22.052906287946250        1.0000000000000000        1.5795208121075269E-002  0.98420479187892473       0.10000000000000001       0.90000000000000002     
  dew              383.25296408689519        21.698255647327919        1.0000000000000000        1.5432018349348934E-002  0.98456798165065129       0.10000000000000001       0.90000000000000002     
  dew              382.42470875103726        21.346016087352691        1.0000000000000000        1.5077179642659255E-002  0.98492282035734091       0.10000000000000001       0.90000000000000002     
  dew              381.59084709954436        20.996272004646393        1.0000000000000000        1.4730499979389231E-002  0.98526950002061064       0.10000000000000001       0.90000000000000002     
  dew              380.75152765072755        20.649104689217253        1.0000000000000000        1.4391791753203166E-002  0.98560820824679674       0.10000000000000001       0.90000000000000002     
  dew              379.90689856443930        20.304592321632214        1.0000000000000000        1.4060871671523168E-002  0.98593912832847674       0.10000000000000001       0.90000000000000002     
  dew              379.05710759714435        19.962809973408074        1.0000000000000000        1.3737560656340032E-002  0.98626243934366009       0.10000000000000001       0.90000000000000002     
  dew              378.20230205932580        19.623829609815477        1.0000000000000000        1.3421683747304840E-002  0.98657831625269510       0.10000000000000001       0.90000000000000002     
  dew              377.34262875728029        19.287720102326578        1.0000000000000000        1.3113070007048859E-002  0.98688692999295113       0.10000000000000001       0.90000000000000002     
  dew              376.47823396049580        18.954547234071498        1.0000000000000000        1.2811552428680456E-002  0.98718844757131963       0.10000000000000001       0.90000000000000002     
  dew              375.60926337202216        18.624373707024439        1.0000000000000000        1.2516967845409031E-002  0.98748303215459099       0.10000000000000001       0.90000000000000002     
  dew              374.73586205491574        18.297259170416510        1.0000000000000000        1.2229156842246985E-002  0.98777084315775310       0.10000000000000001       0.90000000000000002     
  dew              373.85817440371380        17.973260233853530        1.0000000000000000        1.1947963669742028E-002  0.98805203633025818       0.10000000000000001       0.90000000000000002     
  dew              372.97634410071811        17.652430489609486        1.0000000000000000        1.1673236159693066E-002  0.98832676384030693       0.10000000000000001       0.90000000000000002     
  dew              372.09051407331395        17.334820537444703        1.0000000000000000        1.1404825642804107E-002  0.98859517435719602       0.10000000000000001       0.90000000000000002     
  dew              371.20082645210084        17.020478011955888        1.0000000000000000        1.1142586868231587E-002  0.98885741313176856       0.10000000000000001       0.90000000000000002     
  dew              370.30742258290286        16.709447625470073        1.0000000000000000        1.0886377924981629E-002  0.98911362207964570       0.10000000000000001       0.90000000000000002     
  dew              368.96065548796815        16.249202893060534        1.0000000000000000        1.0513068025210140E-002  0.98948693197478987       0.10000000000000001       0.90000000000000002     
  dew              367.60631247623763        15.796632822748965        1.0000000000000000        1.0152559470590156E-002  0.98984744052940987       0.10000000000000001       0.90000000000000002     
  dew              366.24485851909617        15.351852172882740        1.0000000000000000        9.8044132841811002E-003  0.99019558671581887       0.10000000000000001       0.90000000000000002     
  dew              364.87675348692068        14.914961753101675        1.0000000000000000        9.4682055422068978E-003  0.99053179445779294       0.10000000000000001       0.90000000000000002     
  dew              363.50245158915487        14.486048844210067        1.0000000000000000        9.1435268578608283E-003  0.99085647314213920       0.10000000000000001       0.90000000000000002     
  dew              362.12240153670660        14.065187370886511        1.0000000000000000        8.8299818828114999E-003  0.99117001811718852       0.10000000000000001       0.90000000000000002     
  dew              360.73704567788030        13.652438467362263        1.0000000000000000        8.5271888258028738E-003  0.99147281117419717       0.10000000000000001       0.90000000000000002     
  dew              359.34682040526621        13.247850691740975        1.0000000000000000        8.2347789877622382E-003  0.99176522101223774       0.10000000000000001       0.90000000000000002     
  dew              357.95215547302894        12.851460535093805        1.0000000000000000        7.9523963128499981E-003  0.99204760368714995       0.10000000000000001       0.90000000000000002     
  dew              356.55347394920938        12.463292779069002        1.0000000000000000        7.6796969549046247E-003  0.99232030304509555       0.10000000000000001       0.90000000000000002     
  dew              355.15119198554282        12.083360927060546        1.0000000000000000        7.4163488587548499E-003  0.99258365114124514       0.10000000000000001       0.90000000000000002     
  dew              353.74571862792396        11.711667631380637        1.0000000000000000        7.1620313558892826E-003  0.99283796864411067       0.10000000000000001       0.90000000000000002     
  dew              352.33745566075532        11.348205117337100        1.0000000000000000        6.9164347739911029E-003  0.99308356522600894       0.10000000000000001       0.90000000000000002     
  dew              350.92679721980647        10.992955733770305        1.0000000000000000        6.6792600598623896E-003  0.99332073994013759       0.10000000000000001       0.90000000000000002     
  dew              349.51413014458086        10.645892149516314        1.0000000000000000        6.4502184152789247E-003  0.99354978158472107       0.10000000000000001       0.90000000000000002     
  dew              348.09983329040097        10.306978071577765        1.0000000000000000        6.2290309453320696E-003  0.99377096905466789       0.10000000000000001       0.90000000000000002     
  dew              346.68427768402120        9.9761685554054740        1.0000000000000000        6.0154283188295233E-003  0.99398457168117060       0.10000000000000001       0.90000000000000002     
  dew              345.26782635559272        9.6534104806279384        1.0000000000000000        5.8091504403414299E-003  0.99419084955965864       0.10000000000000001       0.90000000000000002     
  dew              343.85083420444028        9.3386430156587252        1.0000000000000000        5.6099461334925098E-003  0.99439005386650758       0.10000000000000001       0.90000000000000002     
  dew              342.43364796282304        9.0317980360280394        1.0000000000000000        5.4175728351145667E-003  0.99458242716488543       0.10000000000000001       0.90000000000000002     
  dew              341.01660607449583        8.7328005886496918        1.0000000000000000        5.2317962998869637E-003  0.99476820370011299       0.10000000000000001       0.90000000000000002     
  dew              339.60003864380769        8.4415693214323735        1.0000000000000000        5.0523903151053970E-003  0.99494760968489471       0.10000000000000001       0.90000000000000002     
  dew              338.18426747484341        8.1580169223898356        1.0000000000000000        4.8791364252316789E-003  0.99512086357946039       0.10000000000000001       0.90000000000000002     
  dew              336.06278629101973        7.7468816106547402        1.0000000000000000        4.6303312687644878E-003  0.99536966873123545       0.10000000000000001       0.90000000000000002     
  dew              333.94482106732710        7.3524789687734620        1.0000000000000000        4.3942136046093653E-003  0.99560578639539066       0.10000000000000001       0.90000000000000002     
  dew              331.84184209266363        6.9762904585509498        1.0000000000000000        4.1712214114948886E-003  0.99582877858850516       0.10000000000000001       0.90000000000000002     
  dew              329.76447105715249        6.6193495783896008        1.0000000000000000        3.9615380239115114E-003  0.99603846197608847       0.10000000000000001       0.90000000000000002     
  dew              327.71241791634992        6.2806715261146948        1.0000000000000000        3.7641968028912006E-003  0.99623580319710903       0.10000000000000001       0.90000000000000002     
  dew              325.68538529788970        5.9593218868106348        1.0000000000000000        3.5783171442780089E-003  0.99642168285572197       0.10000000000000001       0.90000000000000002     
  dew              323.68306986866901        5.6544140547642030        1.0000000000000000        3.4030952506287379E-003  0.99659690474937135       0.10000000000000001       0.90000000000000002     
  dew              321.70516413668378        5.3651067873137217        1.0000000000000000        3.2377961052973397E-003  0.99676220389470271       0.10000000000000001       0.90000000000000002     
  dew              319.75135469803013        5.0906018838551637        1.0000000000000000        3.0817462191101881E-003  0.99691825378088972       0.10000000000000001       0.90000000000000002     
  dew              317.82132831303522        4.8301419836015684        1.0000000000000000        2.9343277504476966E-003  0.99706567224955223       0.10000000000000001       0.90000000000000002     
  dew              315.91476830844869        4.5830084760197840        1.0000000000000000        2.7949727339622991E-003  0.99720502726603777       0.10000000000000001       0.90000000000000002     
  dew              314.03135693931057        4.3485195181794003        1.0000000000000000        2.6631583440663215E-003  0.99733684165593350       0.10000000000000001       0.90000000000000002     
  dew              312.17077595619946        4.1260281535437366        1.0000000000000000        2.5384025953422104E-003  0.99746159740465778       0.10000000000000001       0.90000000000000002     
  dew              310.33270714837050        3.9149205270126139        1.0000000000000000        2.4202605257349842E-003  0.99757973947426504       0.10000000000000001       0.90000000000000002     
  dew              308.51683284184980        3.7146141912922017        1.0000000000000000        2.3083207989102040E-003  0.99769167920108970       0.10000000000000001       0.90000000000000002     
  dew              306.72283634678200        3.5245564999192021        1.0000000000000000        2.2022026723387904E-003  0.99779779732766116       0.10000000000000001       0.90000000000000002     
  dew              304.95040235541461        3.3442230825057195        1.0000000000000000        2.1015532857046933E-003  0.99789844671429528       0.10000000000000001       0.90000000000000002     
  dew              303.19921792263625        3.1731163979979997        1.0000000000000000        2.0060452595700540E-003  0.99799395474042984       0.10000000000000001       0.90000000000000002     
  dew              301.46896966454557        3.0107643619574773        1.0000000000000000        1.9153743700834930E-003  0.99808462562991662       0.10000000000000001       0.90000000000000002     
  dew              299.75935020802342        2.8567190440767845        1.0000000000000000        1.8292578671421382E-003  0.99817074213285784       0.10000000000000001       0.90000000000000002     
  dew              298.07005229511850        2.7105554323371641        1.0000000000000000        1.7474324319194335E-003  0.99825256756808056       0.10000000000000001       0.90000000000000002     
  dew              296.40077207063450        2.5718702603975889        1.0000000000000000        1.6696527051489293E-003  0.99833034729485104       0.10000000000000001       0.90000000000000002     
  dew              294.75120865459121        2.4402808949803418        1.0000000000000000        1.5956898245577452E-003  0.99840431017544218       0.10000000000000001       0.90000000000000002     
  dew              293.12106496559488        2.3154242801833522        1.0000000000000000        1.5253301372603169E-003  0.99847466986273969       0.10000000000000001       0.90000000000000002     
  dew              291.51004419784221        2.1969559358066371        1.0000000000000000        1.4583738743787153E-003  0.99854162612562147       0.10000000000000001       0.90000000000000002     
  dew              289.91785755054241        2.0845490069292221        1.0000000000000000        1.3946343570845202E-003  0.99860536564291569       0.10000000000000001       0.90000000000000002     
  dew              288.34421658200301        1.9778933621143224        1.0000000000000000        1.3339367229158483E-003  0.99866606327708407       0.10000000000000001       0.90000000000000002     
  dew              286.78883721422130        1.8766947377547196        1.0000000000000000        1.2761171775085710E-003  0.99872388282249136       0.10000000000000001       0.90000000000000002     
  dew              285.25143901774101        1.7806739261975868        1.0000000000000000        1.2210221477048852E-003  0.99877897785229519       0.10000000000000001       0.90000000000000002     
  dew              283.73174527467950        1.6895660054087851        1.0000000000000000        1.1685075347861965E-003  0.99883149246521385       0.10000000000000001       0.90000000000000002     
  dew              282.22948303977375        1.6031196080512742        1.0000000000000000        1.1184380314388743E-003  0.99888156196856104       0.10000000000000001       0.90000000000000002     
  dew              280.74438322542915        1.5210962279610196        1.0000000000000000        1.0706864969372725E-003  0.99892931350306280       0.10000000000000001       0.90000000000000002     
  dew              279.27618079263027        1.4432695621069589        1.0000000000000000        1.0251333871016150E-003  0.99897486661289836       0.10000000000000001       0.90000000000000002     
  dew              277.82461527147740        1.3694248862194889        1.0000000000000000        9.8166623949642070E-004  0.99901833376050342       0.10000000000000001       0.90000000000000002     
  dew              276.38942293091446        1.2993584623648304        1.0000000000000000        9.4017897915179161E-004  0.99905982102084845       0.10000000000000001       0.90000000000000002     
  dew              274.97035733020988        1.2328769768307639        1.0000000000000000        9.0057202555148788E-004  0.99909942797444862       0.10000000000000001       0.90000000000000002     
  dew              273.56716587553746        1.1697970067728596        1.0000000000000000        8.6275124733540230E-004  0.99913724875266463       0.10000000000000001       0.90000000000000002     
  dew              272.17960250984868        1.1099445141496744        1.0000000000000000        8.2662792725830012E-004  0.99917337207274171       0.10000000000000001       0.90000000000000002     
  dew              270.80742502115118        1.0531543655506814        1.0000000000000000        7.9211833913202419E-004  0.99920788166086794       0.10000000000000001       0.90000000000000002     
  dew              269.45039502637337       0.99926987659213107        1.0000000000000000        7.5914342412020520E-004  0.99924085657587969       0.10000000000000001       0.90000000000000002     
  dew              268.10827795144019       0.94814237962383463        1.0000000000000000        7.2762849128259915E-004  0.99927237150871751       0.10000000000000001       0.90000000000000002     
  dew              266.78084300846558       0.89963081355416386        1.0000000000000000        6.9750294030312271E-004  0.99930249705969687       0.10000000000000001       0.90000000000000002     
  dew              265.46786317372533       0.85360133466159582        1.0000000000000000        6.6870000459069235E-004  0.99933129999540937       0.10000000000000001       0.90000000000000002     
  dew              264.16911517791863       0.80992694731902815        1.0000000000000000        6.4115651325964609E-004  0.99935884348674031       0.10000000000000001       0.90000000000000002     
  dew              262.88437954870187       0.76848715361203024        1.0000000000000000        6.1481267115025664E-004  0.99938518732884962       0.10000000000000001       0.90000000000000002     
  dew              261.61344083750248       0.72916762088432541        1.0000000000000000        5.8961185772127983E-004  0.99941038814227867       0.10000000000000001       0.90000000000000002     
  dew              260.35608842582820       0.69185986629326013        1.0000000000000000        5.6550045042155490E-004  0.99943449955041441       0.10000000000000001       0.90000000000000002     
  dew              258.49506429796367       0.63944660146001264        1.0000000000000000        5.3126520389095138E-004  0.99946873479610909       0.10000000000000001       0.90000000000000002     
  dew              256.66345005834364       0.59100401112939016        1.0000000000000000        4.9920661814717470E-004  0.99950079338185283       0.10000000000000001       0.90000000000000002     
  dew              254.86058040573852       0.54623128870107951        1.0000000000000000        4.6917628712461219E-004  0.99953082371287549       0.10000000000000001       0.90000000000000002     
  dew              253.08577164601914       0.50485041579644940        1.0000000000000000        4.4103640071916224E-004  0.99955896359928076       0.10000000000000001       0.90000000000000002     
  dew              251.33840678821483       0.46660443589002376        1.0000000000000000        4.1466014364036546E-004  0.99958533985635956       0.10000000000000001       0.90000000000000002     
  dew              249.61786287328542       0.43125585872554700        1.0000000000000000        3.8992969225946922E-004  0.99961007030774052       0.10000000000000001       0.90000000000000002     
  dew              247.92353396227963       0.39858518560878808        1.0000000000000000        3.6673582381459215E-004  0.99963326417618537       0.10000000000000001       0.90000000000000002     
  dew              246.25483039732819       0.36838954641981492        1.0000000000000000        3.4497721074831003E-004  0.99965502278925167       0.10000000000000001       0.90000000000000002     
  dew              244.61117822310152       0.34048143988120361        1.0000000000000000        3.2455978276099625E-004  0.99967544021723898       0.10000000000000001       0.90000000000000002     
  dew              242.99201870500755       0.31468756925981589        1.0000000000000000        3.0539614832606669E-004  0.99969460385167408       0.10000000000000001       0.90000000000000002     
  dew              241.39680790435622       0.29084776627237913        1.0000000000000000        2.8740506885804900E-004  0.99971259493114195       0.10000000000000001       0.90000000000000002     
  dew              239.82501628579439       0.26881399651280896        1.0000000000000000        2.7051097979702803E-004  0.99972948902020298       0.10000000000000001       0.90000000000000002     
  dew              238.27612834302866       0.24844944022542717        1.0000000000000000        2.5464355370852129E-004  0.99974535644629148       0.10000000000000001       0.90000000000000002     
  dew              236.74964223478972       0.22962764271609204        1.0000000000000000        2.3973730114555680E-004  0.99976026269885454       0.10000000000000001       0.90000000000000002     
  dew              235.24506942975322       0.21223172912567814        1.0000000000000000        2.2573120557380628E-004  0.99977426879442632       0.10000000000000001       0.90000000000000002     
  dew              233.76193435576178       0.19615367869000339        1.0000000000000000        2.1256838904061293E-004  0.99978743161095940       0.10000000000000001       0.90000000000000002     
  dew              232.29980967502411       0.18129365397968578        1.0000000000000000        2.0019609518779659E-004  0.99979980390481227       0.10000000000000001       0.90000000000000002     
  dew              230.85814409776151       0.16755938095481182        1.0000000000000000        1.8856400901495196E-004  0.99981143599098499       0.10000000000000001       0.90000000000000002     
  dew              229.43658764504573       0.15486557598483691        1.0000000000000000        1.7762665587469013E-004  0.99982237334412527       0.10000000000000001       0.90000000000000002     
  dew              228.03469442213921       0.14313341627576934        1.0000000000000000        1.6734073010216122E-004  0.99983265926989784       0.10000000000000001       0.90000000000000002     
  dew              226.65204421033621       0.13229005041623063        1.0000000000000000        1.5766588585475484E-004  0.99984233411414536       0.10000000000000001       0.90000000000000002     
  dew              225.28823175908764       0.12226814600310409        1.0000000000000000        1.4856444357401366E-004  0.99985143555642597       0.10000000000000001       0.90000000000000002     
  dew              223.94286244348001       0.11300547153773122        1.0000000000000000        1.4000117431016150E-004  0.99985999882568966       0.10000000000000001       0.90000000000000002     
  dew              222.61555295744611       0.10444450999642028        1.0000000000000000        1.3194313235928944E-004  0.99986805686764080       0.10000000000000001       0.90000000000000002     
  dew              221.30593077515837        9.6532101675714549E-002   1.0000000000000000        1.2435949587598466E-004  0.99987564050412403       0.10000000000000001       0.90000000000000002     
  dew              220.01364286280477        8.9219114094650567E-002   1.0000000000000000        1.1722146763658360E-004  0.99988277853236351       0.10000000000000001       0.90000000000000002     
  dew              218.73838802861604        8.2460136904248665E-002   1.0000000000000000        1.1050229470296524E-004  0.99988949770529711       0.10000000000000001       0.90000000000000002     
  dew              217.47958252517859        7.6213199909761623E-002   1.0000000000000000        1.0417546872346516E-004  0.99989582453127646       0.10000000000000001       0.90000000000000002     
  dew              216.23715757361703        7.0439512454726641E-002   1.0000000000000000        9.8218646410322744E-005  0.99990178135358987       0.10000000000000001       0.90000000000000002     
  dew              215.01069158922837        6.5103222548513889E-002   1.0000000000000000        9.2609134821212361E-005  0.99990739086517866       0.10000000000000001       0.90000000000000002     
  dew              213.79986562298544        6.0171194241662021E-002   1.0000000000000000        8.7326112622444679E-005  0.99991267388737759       0.10000000000000001       0.90000000000000002     
  dew              212.60436895511370        5.5612801866602335E-002   1.0000000000000000        8.2350057474227793E-005  0.99991764994252574       0.10000000000000001       0.90000000000000002     
  dew              211.42389886356224        5.1399739866099435E-002   1.0000000000000000        7.7662660357902518E-005  0.99992233733964220       0.10000000000000001       0.90000000000000002     
  dew              210.25816041141186        4.7505847028528801E-002   1.0000000000000000        7.3246746032465604E-005  0.99992675325396763       0.10000000000000001       0.90000000000000002     
  dew              209.10686628097420        4.3906944038571857E-002   1.0000000000000000        6.9086199230408628E-005  0.99993091380076971       0.10000000000000001       0.90000000000000002     
  dew              207.96973672718241        4.0580683334591687E-002   1.0000000000000000        6.5165896360835956E-005  0.99993483410363915       0.10000000000000001       0.90000000000000002     
  dew              206.84649981876319        3.7506410340371575E-002   1.0000000000000000        6.1471642750129035E-005  0.99993852835724983       0.10000000000000001       0.90000000000000002     
  dew              205.73689237139348        3.4665035209528114E-002   1.0000000000000000        5.7990116026731915E-005  0.99994200988397330       0.10000000000000001       0.90000000000000002     
  dew              204.64066244713200        3.2038914286189706E-002   1.0000000000000000        5.4708817253465279E-005  0.99994529118274644       0.10000000000000001       0.90000000000000002     
  dew              203.55757521395810        2.9611740545864684E-002   1.0000000000000000        5.1616033174921186E-005  0.99994838396682528       0.10000000000000001       0.90000000000000002     
  dew              202.48742582556676        2.7368442336186558E-002   1.0000000000000000        4.8700816340959821E-005  0.99995129918365899       0.10000000000000001       0.90000000000000002     
  dew              201.43006628580730        2.5295089788761906E-002   1.0000000000000000        4.5952995196142437E-005  0.99995404700480406       0.10000000000000001       0.90000000000000002     
  dew              200.38432684162473        2.3378808320980993E-002   1.0000000000000000        4.3360502017406600E-005  0.99995663949798252       0.10000000000000001       0.90000000000000002     
  dew              199.35123488868982        2.1607698690676306E-002   1.0000000000000000        4.0917320547835740E-005  0.99995908267945233       0.10000000000000001       0.90000000000000002     
  dew              198.33008197364563        1.9970763107204571E-002   1.0000000000000000        3.8613602824122229E-005  0.99996138639717591       0.10000000000000001       0.90000000000000002     
  dew              197.32065041451477        1.8457836940135527E-002   1.0000000000000000        3.6441243554014581E-005  0.99996355875644594       0.10000000000000001       0.90000000000000002     
  dew              196.32272781979074        1.7059525601489173E-002   1.0000000000000000        3.4392620538030417E-005  0.99996560737946194       0.10000000000000001       0.90000000000000002     
  dew              195.33610694410788        1.5767146209588717E-002   1.0000000000000000        3.2460564848705892E-005  0.99996753943515138       0.10000000000000001       0.90000000000000002     
  dew              194.36058553618309        1.4572673672288204E-002   1.0000000000000000        3.0638332919115697E-005  0.99996936166708073       0.10000000000000001       0.90000000000000002     
  dew              193.39596619974284        1.3468690854775882E-002   1.0000000000000000        2.8919580450614137E-005  0.99997108041954952       0.10000000000000001       0.90000000000000002     
  dew              192.44205627639758        1.2448342522517980E-002   1.0000000000000000        2.7298338025641815E-005  0.99997270166197438       0.10000000000000001       0.90000000000000002     
  dew              191.49866775227204        1.1505292773349340E-002   1.0000000000000000        2.5768988304736336E-005  0.99997423101169525       0.10000000000000001       0.90000000000000002     
  dew              190.56561724218508        1.0633685694383442E-002   1.0000000000000000        2.4326244774315763E-005  0.99997567375522567       0.10000000000000001       0.90000000000000002     
  dew              189.64272620019079        9.8281089994389954E-003   1.0000000000000000        2.2965132127886846E-005  0.99997703486787215       0.10000000000000001       0.90000000000000002     
  dew              188.72982164756709        9.0835604211879327E-003   1.0000000000000000        2.1680968492816471E-005  0.99997831903150713       0.10000000000000001       0.90000000000000002     
  dew              187.82673822212658        8.3954166493352654E-003   1.0000000000000000        2.0469350262797251E-005  0.99997953064973732       0.10000000000000001       0.90000000000000002     
  dew              186.93332346256153        7.7594046219508850E-003   1.0000000000000000        1.9326141337730722E-005  0.99998067385866218       0.10000000000000001       0.90000000000000002     
  dew              186.04945064811562        7.1715749916854881E-003   1.0000000000000000        1.8247470656032631E-005  0.99998175252934396       0.10000000000000001       0.90000000000000002     
  dew              185.17504929707204        6.6282776021077882E-003   1.0000000000000000        1.7229746798100580E-005  0.99998277025320192       0.10000000000000001       0.90000000000000002     
  dew              184.31017537190323        6.1261388218821706E-003   1.0000000000000000        1.6269707636787030E-005  0.99998373029236309       0.10000000000000001       0.90000000000000002     
  dew              183.45516861152842        5.6620405960422487E-003   1.0000000000000000        1.5364541521361167E-005  0.99998463545847860       0.10000000000000001       0.90000000000000002     
  dew              182.81616426539443        5.3371890650687230E-003   1.0000000000000000        1.4715626335194588E-005  0.99998528437387180       0.10000000000000001       0.90000000000000002     
  dew              181.87059053139978        4.8845212192886196E-003   1.0000000000000000        1.3797166581226405E-005  0.99998620283341899       0.10000000000000001       0.90000000000000002     
  dew              180.93589467901785        4.4702459011302749E-003   1.0000000000000000        1.2936518217244903E-005  0.99998706348178279       0.10000000000000001       0.90000000000000002     
  dew              180.01187835593623        4.0911068904072355E-003   1.0000000000000000        1.2130001552530688E-005  0.99998786999844769       0.10000000000000001       0.90000000000000002     
  dew              179.09834810546090        3.7441241396822650E-003   1.0000000000000000        1.1374174630311135E-005  0.99998862582536974       0.10000000000000001       0.90000000000000002     
  dew              178.19511530652369        3.4265703509780547E-003   1.0000000000000000        1.0665817617864086E-005  0.99998933418238212       0.10000000000000001       0.90000000000000002     
  dew              177.30199605603465        3.1359495391085701E-003   1.0000000000000000        1.0001918197226969E-005  0.99998999808180278       0.10000000000000001       0.90000000000000002     
  dew              176.41881151957503        2.8699774131379671E-003   1.0000000000000000        9.3796582580227794E-006  0.99999062034174202       0.10000000000000001       0.90000000000000002     
  dew              175.54538971356473        2.6265634217645904E-003   1.0000000000000000        8.7964023336822800E-006  0.99999120359766636       0.10000000000000001       0.90000000000000002     
  dew              174.68157389815079        2.4037943215060660E-003   1.0000000000000000        8.2496905860228558E-006  0.99999175030941401       0.10000000000000001       0.90000000000000002     
  dew              173.82725796207478        2.1999191385307774E-003   1.0000000000000000        7.7372467544028863E-006  0.99999226275324582       0.10000000000000001       0.90000000000000002     
  dew              172.98253043291680        2.0133354059351390E-003   1.0000000000000000        7.2570406953754398E-006  0.99999274295930474       0.10000000000000001       0.90000000000000002     
  dew              172.14823755333521        1.8425765682911265E-003   1.0000000000000000        6.8075473894602136E-006  0.99999319245261065       0.10000000000000001       0.90000000000000002     
  dew              171.53133432021372        1.7240807538711849E-003   1.0000000000000000        6.4904116881245831E-006  0.99999350958831201       0.10000000000000001       0.90000000000000002     
  dew              171.06212020175690        1.6402371671927045E-003   1.0000000000000000        6.2575933659630371E-006  0.99999374240663419       0.10000000000000001       0.90000000000000002     
  dew              170.60227339374256        1.5604709690073832E-003   1.0000000000000000        6.0362721355060051E-006  0.99999396372786453       0.10000000000000001       0.90000000000000002     
  dew              170.14516729457009        1.4845838722716590E-003   1.0000000000000000        5.8228307332770822E-006  0.99999417716926664       0.10000000000000001       0.90000000000000002     
  dew              169.69077644075935        1.4123872328179695E-003   1.0000000000000000        5.6169864254348895E-006  0.99999438301357468       0.10000000000000001       0.90000000000000002     
  dew              169.01422430670007        1.3106216881626420E-003   1.0000000000000000        5.3218702769838381E-006  0.99999467812972298       0.10000000000000001       0.90000000000000002     
  dew              168.34363867048890        1.2161885703647372E-003   1.0000000000000000        5.0423573114835966E-006  0.99999495764268842       0.10000000000000001       0.90000000000000002     
  dew              167.67893731321504        1.1285595622634562E-003   1.0000000000000000        4.7776163906533938E-006  0.99999522238360938       0.10000000000000001       0.90000000000000002     
  dew              167.02004113660036        1.0472444130882720E-003   1.0000000000000000        4.5268616449389250E-006  0.99999547313835491       0.10000000000000001       0.90000000000000002     
  dew              166.36687568136779        9.7178819569345484E-004   1.0000000000000000        4.2893504639828313E-006  0.99999571064953607       0.10000000000000001       0.90000000000000002     
  dew              165.71937437280138        9.0176876141476214E-004   1.0000000000000000        4.0643820780053626E-006  0.99999593561792222       0.10000000000000001       0.90000000000000002     
  dew              165.07748536048408        8.3679437830919015E-004   1.0000000000000000        3.8512971656397281E-006  0.99999614870283449       0.10000000000000001       0.90000000000000002     
  dew              164.44118470163062        7.7650153956464304E-004   1.0000000000000000        3.6494790125114140E-006  0.99999635052098745       0.10000000000000001       0.90000000000000002     
  dew              163.81050267201275        7.2055292981840875E-004   1.0000000000000000        3.4583576957750916E-006  0.99999654164230423       0.10000000000000001       0.90000000000000002     
  dew              163.34125329865446        6.8125321342522329E-004   1.0000000000000000        3.3217248349543499E-006  0.99999667827516503       0.10000000000000001       0.90000000000000002     
  dew              162.99150881473469        6.5319156887106138E-004   1.0000000000000000        3.2228923787060741E-006  0.99999677710762125       0.10000000000000001       0.90000000000000002     
  dew              162.64373668487565        6.2628581742619582E-004   1.0000000000000000        3.1271034023306117E-006  0.99999687289659767       0.10000000000000001       0.90000000000000002     
  dew              162.38427815955788        6.0683634221026590E-004   1.0000000000000000        3.0572236163706877E-006  0.99999694277638362       0.10000000000000001       0.90000000000000002     
  dew              162.12607754369208        5.8799087570034453E-004   1.0000000000000000        2.9890038747412207E-006  0.99999701099612548       0.10000000000000001       0.90000000000000002     
  dew              161.93331245481016        5.7424185055670002E-004   1.0000000000000000        2.9389202189630394E-006  0.99999706107978104       0.10000000000000001       0.90000000000000002     
  dew              161.78927197196859        5.6414147645857387E-004   1.0000000000000000        2.9019632572180825E-006  0.99999709803674275       0.10000000000000001       0.90000000000000002     
  dew              161.68155943351522        5.5668295452286046E-004   1.0000000000000000        2.8745859091122175E-006  0.99999712541409080       0.10000000000000001       0.90000000000000002     
  dew              161.60096243573435        5.5115384696313794E-004   1.0000000000000000        2.8542444294194827E-006  0.99999714575557064       0.10000000000000001       0.90000000000000002     
  dew              161.54062413191221        5.4704308511053688E-004   1.0000000000000000        2.8390961649897009E-006  0.99999716090383506       0.10000000000000001       0.90000000000000002     
  dew              161.49543367533423        5.4398014686447350E-004   1.0000000000000000        2.8277956713604637E-006  0.99999717220432860       0.10000000000000001       0.90000000000000002     
  dew              161.46157730448684        5.4169420289007216E-004   1.0000000000000000        2.8193545030485044E-006  0.99999718064549703       0.10000000000000001       0.90000000000000002     
  dew              161.43620583489036        5.3998605113756814E-004   1.0000000000000000        2.8130428684282578E-006  0.99999718695713158       0.10000000000000001       0.90000000000000002     
  dew              161.41718913071546        5.3870847307890032E-004   1.0000000000000000        2.8083199842079719E-006  0.99999719168001588       0.10000000000000001       0.90000000000000002     
  dew              161.40293337884839        5.3775227356083735E-004   1.0000000000000000        2.8047839276736487E-006  0.99999719521607255       0.10000000000000001       0.90000000000000002     
  dew              161.39224533646131        5.3703623790082064E-004   1.0000000000000000        2.8021353049760754E-006  0.99999719786469488       0.10000000000000001       0.90000000000000002     
  dew              161.38156068257672        5.3632115566692898E-004   1.0000000000000000        2.7994896483244922E-006  0.99999720051035179       0.10000000000000001       0.90000000000000002     
  dew              161.37354926989516        5.3578546891364554E-004   1.0000000000000000        2.7975073141533764E-006  0.99999720249268609       0.10000000000000001       0.90000000000000002     
  dew              161.36754202689590        5.3538405500651613E-004   1.0000000000000000        2.7960216725608644E-006  0.99999720397832748       0.10000000000000001       0.90000000000000002     
  dew              161.36303728051291        5.3508319195034743E-004   1.0000000000000000        2.7949080512674695E-006  0.99999720509194889       0.10000000000000001       0.90000000000000002     
  dew              161.35853305317593        5.3478249796641336E-004   1.0000000000000000        2.7937949354602843E-006  0.99999720620506471       0.10000000000000001       0.90000000000000002     
  dew              161.35402948640899        5.3448197295970256E-004   1.0000000000000000        2.7926823598581062E-006  0.99999720731764030       0.10000000000000001       0.90000000000000002     
  dew              161.34952651219405        5.3418161683525703E-004   1.0000000000000000        2.7915703073992723E-006  0.99999720842969275       0.10000000000000001       0.90000000000000002     
  dew              161.34502412328195        5.3388142949817199E-004   1.0000000000000000        2.7904587760427389E-006  0.99999720954122406       0.10000000000000001       0.90000000000000002     
  dew              161.34052237723020        5.3358141085359625E-004   1.0000000000000000        2.7893477797394508E-006  0.99999721065222036       0.10000000000000001       0.90000000000000002     
  dew              161.33602119681129        5.3328156080673171E-004   1.0000000000000000        2.7882372991780033E-006  0.99999721176270084       0.10000000000000001       0.90000000000000002     
  dew              161.33264568623807        5.3305678385683433E-004   1.0000000000000000        2.7874047779393020E-006  0.99999721259522212       0.10000000000000001       0.90000000000000002     
  dew              161.32927056230304        5.3283210164990357E-004   1.0000000000000000        2.7865725634427787E-006  0.99999721342743642       0.10000000000000001       0.90000000000000002     
  dew              161.32589575095093        5.3260751414600576E-004   1.0000000000000000        2.7857406373215856E-006  0.99999721425936272       0.10000000000000001       0.90000000000000002     
  dew              161.32252131960877        5.3238302130522363E-004   1.0000000000000000        2.7849090160867805E-006  0.99999721509098383       0.10000000000000001       0.90000000000000002     
  dew              161.31914722491311        5.3215862308765701E-004   1.0000000000000000        2.7840776889422434E-006  0.99999721592231128       0.10000000000000001       0.90000000000000002     
  dew              161.31577339440329        5.3193431945342234E-004   1.0000000000000000        2.7832466379371602E-006  0.99999721675336206       0.10000000000000001       0.90000000000000002     
  dew              161.31239997095227        5.3171011036265295E-004   1.0000000000000000        2.7824158981539979E-006  0.99999721758410176       0.10000000000000001       0.90000000000000002     
  dew              161.30902689296457        5.3148599577549911E-004   1.0000000000000000        2.7815854543120958E-006  0.99999721841454570       0.10000000000000001       0.90000000000000002     
  dew              161.30565413475821        5.3126197565212766E-004   1.0000000000000000        2.7807552999838765E-006  0.99999721924470009       0.10000000000000001       0.90000000000000002     
  dew              161.30228174655724        5.3103804995272236E-004   1.0000000000000000        2.7799254474218041E-006  0.99999722007455261       0.10000000000000001       0.90000000000000002     
  dew              161.29890971354067        5.3081421863748366E-004   1.0000000000000000        2.7790958928681496E-006  0.99999722090410725       0.10000000000000001       0.90000000000000002     
  dew              161.29553803780195        5.3059048166662905E-004   1.0000000000000000        2.7782666367279925E-006  0.99999722173336336       0.10000000000000001       0.90000000000000002     
  dew              161.29216664410666        5.3036683900039238E-004   1.0000000000000000        2.7774376603967681E-006  0.99999722256233958       0.10000000000000001       0.90000000000000002     
  dew              161.28879565615770        5.3014329059902462E-004   1.0000000000000000        2.7766089941799865E-006  0.99999722339100594       0.10000000000000001       0.90000000000000002     
  dew              161.28542499350061        5.2991983642279323E-004   1.0000000000000000        2.7757806181909140E-006  0.99999722421938175       0.10000000000000001       0.90000000000000002     
  dew              161.28205472648082        5.2969647643198248E-004   1.0000000000000000        2.7749525496051151E-006  0.99999722504745048       0.10000000000000001       0.90000000000000002     
  dew              161.27868471670598        5.2947321058689366E-004   1.0000000000000000        2.7741247543197834E-006  0.99999722587524575       0.10000000000000001       0.90000000000000002     
  dew              161.27531509847864        5.2925003884784442E-004   1.0000000000000000        2.7732972652167023E-006  0.99999722670273483       0.10000000000000001       0.90000000000000002     
  dew              161.27194585869626        5.2902696117516923E-004   1.0000000000000000        2.7724700789636810E-006  0.99999722752992115       0.10000000000000001       0.90000000000000002     
  dew              161.26857696289380        5.2880397752921935E-004   1.0000000000000000        2.7716431869895619E-006  0.99999722835681315       0.10000000000000001       0.90000000000000002     
  dew              161.26520839311232        5.2858108787036287E-004   1.0000000000000000        2.7708165847813746E-006  0.99999722918341527       0.10000000000000001       0.90000000000000002     
  dew              161.26184022856972        5.2835829215898433E-004   1.0000000000000000        2.7699902916644615E-006  0.99999723000970830       0.10000000000000001       0.90000000000000002     
  dew              161.25847240121507        5.2813559035548509E-004   1.0000000000000000        2.7691642908340597E-006  0.99999723083570935       0.10000000000000001       0.90000000000000002     
  dew              161.25510487823004        5.2791298242028332E-004   1.0000000000000000        2.7683385741391389E-006  0.99999723166142607       0.10000000000000001       0.90000000000000002     
  dew              161.25173775198576        5.2769046831381355E-004   1.0000000000000000        2.7675131641181942E-006  0.99999723248683581       0.10000000000000001       0.90000000000000002     
  dew              161.24837101022200        5.2746804799652723E-004   1.0000000000000000        2.7666880576502612E-006  0.99999723331194224       0.10000000000000001       0.90000000000000002     
  dew              161.24500454284035        5.2724572142889251E-004   1.0000000000000000        2.7658632276518374E-006  0.99999723413677222       0.10000000000000001       0.90000000000000002     
  dew              161.24163847548087        5.2702348857139412E-004   1.0000000000000000        2.7650387047970356E-006  0.99999723496129522       0.10000000000000001       0.90000000000000002     
  dew              161.23827275741453        5.2680134938453348E-004   1.0000000000000000        2.7642144765485632E-006  0.99999723578552335       0.10000000000000001       0.90000000000000002     
  dew              161.23490744232242        5.2657930382882853E-004   1.0000000000000000        2.7633905559377987E-006  0.99999723660944406       0.10000000000000001       0.90000000000000002     
  dew              161.23154246457077        5.2635735186481395E-004   1.0000000000000000        2.7625669267860653E-006  0.99999723743307323       0.10000000000000001       0.90000000000000002     
  dew              161.22817777899147        5.2613549345304118E-004   1.0000000000000000        2.7617435779376631E-006  0.99999723825642206       0.10000000000000001       0.90000000000000002     
  dew              161.22481357274631        5.2591372855407810E-004   1.0000000000000000        2.7609205550717355E-006  0.99999723907944493       0.10000000000000001       0.90000000000000002     
  dew              161.22144966419035        5.2569205712850930E-004   1.0000000000000000        2.7600978136405509E-006  0.99999723990218659       0.10000000000000001       0.90000000000000002     
  dew              161.21808611142350        5.2547047913693585E-004   1.0000000000000000        2.7592753677491969E-006  0.99999724072463225       0.10000000000000001       0.90000000000000002     
  dew              161.21472292618918        5.2524899453997573E-004   1.0000000000000000        2.7584532201585773E-006  0.99999724154678005       0.10000000000000001       0.90000000000000002     
  dew              161.21136011323350        5.2502760329826319E-004   1.0000000000000000        2.7576313719174841E-006  0.99999724236862797       0.10000000000000001       0.90000000000000002     
  dew              161.20799761680152        5.2480630537244917E-004   1.0000000000000000        2.7568098092947360E-006  0.99999724319019079       0.10000000000000001       0.90000000000000002     
  dew              161.20463555036608        5.2458510072320131E-004   1.0000000000000000        2.7559885598999323E-006  0.99999724401144008       0.10000000000000001       0.90000000000000002     
  dew              161.20127382703978        5.2436398931120383E-004   1.0000000000000000        2.7551676023973181E-006  0.99999724483239760       0.10000000000000001       0.90000000000000002     
  dew              161.19875273584390        5.2419821691550978E-004   1.0000000000000000        2.7545520699348855E-006  0.99999724544793001       0.10000000000000001       0.90000000000000002     
  dew              161.19623189530614        5.2403249692708966E-004   1.0000000000000000        2.7539367156312707E-006  0.99999724606328444       0.10000000000000001       0.90000000000000002     
  dew              161.19371125002758        5.2386682932937525E-004   1.0000000000000000        2.7533215259160340E-006  0.99999724667847412       0.10000000000000001       0.90000000000000002     
  dew              161.19119083240449        5.2370121410580384E-004   1.0000000000000000        2.7527065086473680E-006  0.99999724729349149       0.10000000000000001       0.90000000000000002     
  dew              161.18867060720035        5.2353565123981793E-004   1.0000000000000000        2.7520916551810687E-006  0.99999724790834488       0.10000000000000001       0.90000000000000002     
  dew              161.18615055935851        5.2337014071486511E-004   1.0000000000000000        2.7514769618004483E-006  0.99999724852303817       0.10000000000000001       0.90000000000000002     
  dew              161.18363079426615        5.2320468251439828E-004   1.0000000000000000        2.7508624541587871E-006  0.99999724913754584       0.10000000000000001       0.90000000000000002     
  dew              161.18111117072090        5.2303927662187568E-004   1.0000000000000000        2.7502480977770636E-006  0.99999724975190218       0.10000000000000001       0.90000000000000002     
  dew              161.17859177654356        5.2287392302076061E-004   1.0000000000000000        2.7496339140221680E-006  0.99999725036608611       0.10000000000000001       0.90000000000000002     
  dew              161.17607255180994        5.2270862169452169E-004   1.0000000000000000        2.7490198882417737E-006  0.99999725098011172       0.10000000000000001       0.90000000000000002     
  dew              161.17355361081900        5.2254337262663277E-004   1.0000000000000000        2.7484060482420618E-006  0.99999725159395192       0.10000000000000001       0.90000000000000002     
  dew              161.17103486636336        5.2237817580057277E-004   1.0000000000000000        2.7477923727226835E-006  0.99999725220762747       0.10000000000000001       0.90000000000000002     
  dew              161.16851625491884        5.2221303119982614E-004   1.0000000000000000        2.7471788461674892E-006  0.99999725282115381       0.10000000000000001       0.90000000000000002     
  dew              161.16599796132724        5.2204793880788222E-004   1.0000000000000000        2.7465655135488196E-006  0.99999725343448642       0.10000000000000001       0.90000000000000002     
  dew              161.16347976703423        5.2188289860823577E-004   1.0000000000000000        2.7459523215971406E-006  0.99999725404767836       0.10000000000000001       0.90000000000000002     
  dew              161.16096183315571        5.2171791058438686E-004   1.0000000000000000        2.7453393094974480E-006  0.99999725466069034       0.10000000000000001       0.90000000000000002     
  dew              161.15844408204279        5.2155297471984043E-004   1.0000000000000000        2.7447264582990177E-006  0.99999725527354177       0.10000000000000001       0.90000000000000002     
  dew              161.15592658412817        5.2138809099810696E-004   1.0000000000000000        2.7441137850959333E-006  0.99999725588621502       0.10000000000000001       0.90000000000000002     
  dew              161.15340933228873        5.2122325940270192E-004   1.0000000000000000        2.7435012881024847E-006  0.99999725649871196       0.10000000000000001       0.90000000000000002     
  dew              161.15089220555942        5.2105847991714630E-004   1.0000000000000000        2.7428889378453266E-006  0.99999725711106224       0.10000000000000001       0.90000000000000002     
  dew              161.14837531763476        5.2089375252496587E-004   1.0000000000000000        2.7422767619369496E-006  0.99999725772323800       0.10000000000000001       0.90000000000000002     
  dew              161.14585866093194        5.2072907720969192E-004   1.0000000000000000        2.7416647584829767E-006  0.99999725833524145       0.10000000000000001       0.90000000000000002     
  dew              161.14334222653559        5.2056445395486095E-004   1.0000000000000000        2.7410529252662302E-006  0.99999725894707459       0.10000000000000001       0.90000000000000002     
  dew              161.14082595604864        5.2039988274401444E-004   1.0000000000000000        2.7404412480455083E-006  0.99999725955875218       0.10000000000000001       0.90000000000000002     
  dew              161.13830996774129        5.2023536356069931E-004   1.0000000000000000        2.7398297555188624E-006  0.99999726017024437       0.10000000000000001       0.90000000000000002     
  dew              161.13579415240903        5.2007089638846755E-004   1.0000000000000000        2.7392184210988151E-006  0.99999726078157880       0.10000000000000001       0.90000000000000002     


#Critical
   418.79233570117225        46.615211003835576     
