  0.100000000000E-02                   NaN
  0.200000000000E-02                   NaN
  0.300000000000E-02                   NaN
  0.400000000000E-02                   NaN
  0.500000000000E-02                   NaN
  0.600000000000E-02                   NaN
  0.700000000000E-02                   NaN
  0.800000000000E-02                   NaN
  0.900000000000E-02                   NaN
  0.100000000000E-01                   NaN
  0.110000000000E-01                   NaN
  0.120000000000E-01                   NaN
  0.130000000000E-01                   NaN
  0.140000000000E-01                   NaN
  0.150000000000E-01                   NaN
  0.160000000000E-01                   NaN
  0.170000000000E-01                   NaN
  0.180000000000E-01                   NaN
  0.190000000000E-01                   NaN
  0.200000000000E-01                   NaN
  0.210000000000E-01                   NaN
  0.220000000000E-01                   NaN
  0.230000000000E-01                   NaN
  0.240000000000E-01                   NaN
  0.250000000000E-01                   NaN
  0.260000000000E-01                   NaN
  0.270000000000E-01                   NaN
  0.280000000000E-01                   NaN
  0.290000000000E-01                   NaN
  0.300000000000E-01                   NaN
  0.310000000000E-01                   NaN
  0.320000000000E-01                   NaN
  0.330000000000E-01    0.315511876784E+04
  0.340000000000E-01    0.196343424398E+04
  0.350000000000E-01    0.137089549213E+04
  0.360000000000E-01    0.100641374472E+04
  0.370000000000E-01    0.759788949636E+03
  0.380000000000E-01    0.583500421900E+03
  0.390000000000E-01    0.452910043128E+03
  0.400000000000E-01    0.353727333905E+03
  0.410000000000E-01    0.277010921278E+03
  0.420000000000E-01    0.216851918409E+03
  0.430000000000E-01    0.169180910687E+03
  0.440000000000E-01    0.131103506241E+03
  0.450000000000E-01    0.100507146584E+03
  0.460000000000E-01    0.758169236727E+02
  0.470000000000E-01    0.558378457323E+02
  0.480000000000E-01    0.396495609360E+02
  0.490000000000E-01    0.265341303955E+02
  0.500000000000E-01    0.159252961276E+02
  0.510000000000E-01    0.737211633231E+01
  0.520000000000E-01    0.512434025127E+00
  0.530000000000E-01   -0.494678319058E+01
  0.540000000000E-01   -0.924421352994E+01
  0.550000000000E-01   -0.125754146782E+02
  0.560000000000E-01   -0.151014619813E+02
  0.570000000000E-01   -0.169556569680E+02
  0.580000000000E-01   -0.182487842196E+02
  0.590000000000E-01   -0.190732644695E+02
  0.600000000000E-01   -0.195064602338E+02
  0.610000000000E-01   -0.196133249450E+02
  0.620000000000E-01   -0.194485393504E+02
  0.630000000000E-01   -0.190582444270E+02
  0.640000000000E-01   -0.184814545719E+02
  0.650000000000E-01   -0.177512157967E+02
  0.660000000000E-01   -0.168955593312E+02
  0.670000000000E-01   -0.159382901574E+02
  0.680000000000E-01   -0.148996416660E+02
  0.690000000000E-01   -0.137968212029E+02
  0.700000000000E-01   -0.126444662839E+02
  0.710000000000E-01   -0.114550273569E+02
  0.720000000000E-01   -0.102390899245E+02
  0.730000000000E-01   -0.900564641406E+01
  0.740000000000E-01   -0.776232625407E+01
  0.750000000000E-01   -0.651559107420E+01
  0.760000000000E-01   -0.527090070856E+01
  0.770000000000E-01   -0.403285468262E+01
  0.780000000000E-01   -0.280531305547E+01
  0.790000000000E-01   -0.159149983006E+01
  0.800000000000E-01   -0.394091606722E+00
  0.810000000000E-01    0.784706285937E+00
  0.820000000000E-01    0.194309431147E+01
  0.830000000000E-01    0.307962232536E+01
  0.840000000000E-01    0.419314093045E+01
  0.850000000000E-01    0.528275947017E+01
  0.860000000000E-01    0.634780971358E+01
  0.870000000000E-01    0.738781442971E+01
  0.880000000000E-01    0.840246016868E+01
  0.890000000000E-01    0.939157366841E+01
  0.900000000000E-01    0.103551013903E+02
  0.910000000000E-01    0.112930917597E+02
  0.920000000000E-01    0.122056797466E+02
  0.930000000000E-01    0.130930734748E+02
  0.940000000000E-01    0.139555425910E+02
  0.950000000000E-01    0.147934081613E+02
  0.960000000000E-01    0.156070338971E+02
  0.970000000000E-01    0.163968185366E+02
  0.980000000000E-01    0.171631892331E+02
  0.990000000000E-01    0.179065958215E+02
  0.100000000000E+00    0.186275058495E+02
  0.101000000000E+00    0.193264002772E+02
  0.102000000000E+00    0.200037697603E+02
  0.103000000000E+00    0.206601114424E+02
  0.104000000000E+00    0.212959261928E+02
  0.105000000000E+00    0.219117162343E+02
  0.106000000000E+00    0.225079831102E+02
  0.107000000000E+00    0.230852259500E+02
  0.108000000000E+00    0.236439399950E+02
  0.109000000000E+00    0.241846153512E+02
  0.110000000000E+00    0.247077359414E+02
  0.111000000000E+00    0.252137786312E+02
  0.112000000000E+00    0.257032125059E+02
  0.113000000000E+00    0.261764982807E+02
  0.114000000000E+00    0.266340878263E+02
  0.115000000000E+00    0.270764237942E+02
  0.116000000000E+00    0.275039393302E+02
  0.117000000000E+00    0.279170578640E+02
  0.118000000000E+00    0.283161929637E+02
  0.119000000000E+00    0.287017482484E+02
  0.120000000000E+00    0.290741173493E+02
  0.121000000000E+00    0.294336839131E+02
  0.122000000000E+00    0.297808216419E+02
  0.123000000000E+00    0.301158943642E+02
  0.124000000000E+00    0.304392561317E+02
  0.125000000000E+00    0.307512513386E+02
  0.126000000000E+00    0.310522148601E+02
  0.127000000000E+00    0.313424722052E+02
  0.128000000000E+00    0.316223396833E+02
  0.129000000000E+00    0.318921245808E+02
  0.130000000000E+00    0.321521253456E+02
  0.131000000000E+00    0.324026317783E+02
  0.132000000000E+00    0.326439252283E+02
  0.133000000000E+00    0.328762787928E+02
  0.134000000000E+00    0.330999575184E+02
  0.135000000000E+00    0.333152186037E+02
  0.136000000000E+00    0.335223116017E+02
  0.137000000000E+00    0.337214786224E+02
  0.138000000000E+00    0.339129545334E+02
  0.139000000000E+00    0.340969671590E+02
  0.140000000000E+00    0.342737374770E+02
  0.141000000000E+00    0.344434798128E+02
  0.142000000000E+00    0.346064020304E+02
  0.143000000000E+00    0.347627057197E+02
  0.144000000000E+00    0.349125863810E+02
  0.145000000000E+00    0.350562336051E+02
  0.146000000000E+00    0.351938312498E+02
  0.147000000000E+00    0.353255576119E+02
  0.148000000000E+00    0.354515855960E+02
  0.149000000000E+00    0.355720828783E+02
  0.150000000000E+00    0.356872120667E+02
  0.151000000000E+00    0.357971308563E+02
  0.152000000000E+00    0.359019921815E+02
  0.153000000000E+00    0.360019443626E+02
  0.154000000000E+00    0.360971312501E+02
  0.155000000000E+00    0.361876923627E+02
  0.156000000000E+00    0.362737630237E+02
  0.157000000000E+00    0.363554744910E+02
  0.158000000000E+00    0.364329540853E+02
  0.159000000000E+00    0.365063253132E+02
  0.160000000000E+00    0.365757079867E+02
  0.161000000000E+00    0.366412183396E+02
  0.162000000000E+00    0.367029691397E+02
  0.163000000000E+00    0.367610697979E+02
  0.164000000000E+00    0.368156264735E+02
  0.165000000000E+00    0.368667421767E+02
  0.166000000000E+00    0.369145168674E+02
  0.167000000000E+00    0.369590475509E+02
  0.168000000000E+00    0.370004283709E+02
  0.169000000000E+00    0.370387506992E+02
  0.170000000000E+00    0.370741032222E+02
  0.171000000000E+00    0.371065720256E+02
  0.172000000000E+00    0.371362406755E+02
  0.173000000000E+00    0.371631902968E+02
  0.174000000000E+00    0.371874996498E+02
  0.175000000000E+00    0.372092452037E+02
  0.176000000000E+00    0.372285012078E+02
  0.177000000000E+00    0.372453397608E+02
  0.178000000000E+00    0.372598308769E+02
  0.179000000000E+00    0.372720425509E+02
  0.180000000000E+00    0.372820408204E+02
  0.181000000000E+00    0.372898898262E+02
  0.182000000000E+00    0.372956518706E+02
  0.183000000000E+00    0.372993874740E+02
  0.184000000000E+00    0.373011554297E+02
  0.185000000000E+00    0.373010128564E+02
  0.186000000000E+00    0.372990152499E+02
  0.187000000000E+00    0.372952165320E+02
  0.188000000000E+00    0.372896690987E+02
  0.189000000000E+00    0.372824238664E+02
  0.190000000000E+00    0.372735303170E+02
  0.191000000000E+00    0.372630365409E+02
  0.192000000000E+00    0.372509892788E+02
  0.193000000000E+00    0.372374339630E+02
  0.194000000000E+00    0.372224147561E+02
  0.195000000000E+00    0.372059745890E+02
  0.196000000000E+00    0.371881551981E+02
  0.197000000000E+00    0.371689971605E+02
  0.198000000000E+00    0.371485399287E+02
  0.199000000000E+00    0.371268218639E+02
  0.200000000000E+00    0.371038802682E+02
  0.201000000000E+00    0.370797514162E+02
  0.202000000000E+00    0.370544705845E+02
  0.203000000000E+00    0.370280720821E+02
  0.204000000000E+00    0.370005892777E+02
  0.205000000000E+00    0.369720546280E+02
  0.206000000000E+00    0.369424997038E+02
  0.207000000000E+00    0.369119552159E+02
  0.208000000000E+00    0.368804510402E+02
  0.209000000000E+00    0.368480162415E+02
  0.210000000000E+00    0.368146790975E+02
  0.211000000000E+00    0.367804671208E+02
  0.212000000000E+00    0.367454070816E+02
  0.213000000000E+00    0.367095250283E+02
  0.214000000000E+00    0.366728463085E+02
  0.215000000000E+00    0.366353955889E+02
  0.216000000000E+00    0.365971968749E+02
  0.217000000000E+00    0.365582735289E+02
  0.218000000000E+00    0.365186482890E+02
  0.219000000000E+00    0.364783432860E+02
  0.220000000000E+00    0.364373800615E+02
  0.221000000000E+00    0.363957795833E+02
  0.222000000000E+00    0.363535622624E+02
  0.223000000000E+00    0.363107479682E+02
  0.224000000000E+00    0.362673560433E+02
  0.225000000000E+00    0.362234053190E+02
  0.226000000000E+00    0.361789141286E+02
  0.227000000000E+00    0.361339003218E+02
  0.228000000000E+00    0.360883812777E+02
  0.229000000000E+00    0.360423739180E+02
  0.230000000000E+00    0.359958947195E+02
  0.231000000000E+00    0.359489597264E+02
  0.232000000000E+00    0.359015845618E+02
  0.233000000000E+00    0.358537844397E+02
  0.234000000000E+00    0.358055741758E+02
  0.235000000000E+00    0.357569681984E+02
  0.236000000000E+00    0.357079805589E+02
  0.237000000000E+00    0.356586249421E+02
  0.238000000000E+00    0.356089146760E+02
  0.239000000000E+00    0.355588627414E+02
  0.240000000000E+00    0.355084817813E+02
  0.241000000000E+00    0.354577841099E+02
  0.242000000000E+00    0.354067817214E+02
  0.243000000000E+00    0.353554862986E+02
  0.244000000000E+00    0.353039092210E+02
  0.245000000000E+00    0.352520615733E+02
  0.246000000000E+00    0.351999541528E+02
  0.247000000000E+00    0.351475974769E+02
  0.248000000000E+00    0.350950017910E+02
  0.249000000000E+00    0.350421770754E+02
  0.250000000000E+00    0.349891330521E+02
  0.251000000000E+00    0.349358791918E+02
  0.252000000000E+00    0.348824247206E+02
  0.253000000000E+00    0.348287786258E+02
  0.254000000000E+00    0.347749496630E+02
  0.255000000000E+00    0.347209463613E+02
  0.256000000000E+00    0.346667770298E+02
  0.257000000000E+00    0.346124497629E+02
  0.258000000000E+00    0.345579724461E+02
  0.259000000000E+00    0.345033527612E+02
  0.260000000000E+00    0.344485981917E+02
  0.261000000000E+00    0.343937160279E+02
  0.262000000000E+00    0.343387133716E+02
  0.263000000000E+00    0.342835971414E+02
  0.264000000000E+00    0.342283740769E+02
  0.265000000000E+00    0.341730507435E+02
  0.266000000000E+00    0.341176335371E+02
  0.267000000000E+00    0.340621286876E+02
  0.268000000000E+00    0.340065422642E+02
  0.269000000000E+00    0.339508801786E+02
  0.270000000000E+00    0.338951481893E+02
  0.271000000000E+00    0.338393519055E+02
  0.272000000000E+00    0.337834967909E+02
  0.273000000000E+00    0.337275881673E+02
  0.274000000000E+00    0.336716312179E+02
  0.275000000000E+00    0.336156309912E+02
  0.276000000000E+00    0.335595924044E+02
  0.277000000000E+00    0.335035202461E+02
  0.278000000000E+00    0.334474191801E+02
  0.279000000000E+00    0.333912937483E+02
  0.280000000000E+00    0.333351483735E+02
  0.281000000000E+00    0.332789873630E+02
  0.282000000000E+00    0.332228149106E+02
  0.283000000000E+00    0.331666351001E+02
  0.284000000000E+00    0.331104519077E+02
  0.285000000000E+00    0.330542692049E+02
  0.286000000000E+00    0.329980907606E+02
  0.287000000000E+00    0.329419202441E+02
  0.288000000000E+00    0.328857612275E+02
  0.289000000000E+00    0.328296171877E+02
  0.290000000000E+00    0.327734915093E+02
  0.291000000000E+00    0.327173874862E+02
  0.292000000000E+00    0.326613083245E+02
  0.293000000000E+00    0.326052571442E+02
  0.294000000000E+00    0.325492369814E+02
  0.295000000000E+00    0.324932507904E+02
  0.296000000000E+00    0.324373014455E+02
  0.297000000000E+00    0.323813917432E+02
  0.298000000000E+00    0.323255244041E+02
  0.299000000000E+00    0.322697020745E+02
  0.300000000000E+00    0.322139273282E+02
  0.301000000000E+00    0.321582026686E+02
  0.302000000000E+00    0.321025305300E+02
  0.303000000000E+00    0.320469132795E+02
  0.304000000000E+00    0.319913532185E+02
  0.305000000000E+00    0.319358525845E+02
  0.306000000000E+00    0.318804135522E+02
  0.307000000000E+00    0.318250382354E+02
  0.308000000000E+00    0.317697286886E+02
  0.309000000000E+00    0.317144869077E+02
  0.310000000000E+00    0.316593148323E+02
  0.311000000000E+00    0.316042143463E+02
  0.312000000000E+00    0.315491872796E+02
  0.313000000000E+00    0.314942354096E+02
  0.314000000000E+00    0.314393604619E+02
  0.315000000000E+00    0.313845641120E+02
  0.316000000000E+00    0.313298479862E+02
  0.317000000000E+00    0.312752136629E+02
  0.318000000000E+00    0.312206626739E+02
  0.319000000000E+00    0.311661965052E+02
  0.320000000000E+00    0.311118165982E+02
  0.321000000000E+00    0.310575243510E+02
  0.322000000000E+00    0.310033211189E+02
  0.323000000000E+00    0.309492082162E+02
  0.324000000000E+00    0.308951869162E+02
  0.325000000000E+00    0.308412584530E+02
  0.326000000000E+00    0.307874240221E+02
  0.327000000000E+00    0.307336847812E+02
  0.328000000000E+00    0.306800418514E+02
  0.329000000000E+00    0.306264963177E+02
  0.330000000000E+00    0.305730492302E+02
  0.331000000000E+00    0.305197016046E+02
  0.332000000000E+00    0.304664544234E+02
  0.333000000000E+00    0.304133086364E+02
  0.334000000000E+00    0.303602651614E+02
  0.335000000000E+00    0.303073248854E+02
  0.336000000000E+00    0.302544886646E+02
  0.337000000000E+00    0.302017573261E+02
  0.338000000000E+00    0.301491316675E+02
  0.339000000000E+00    0.300966124586E+02
  0.340000000000E+00    0.300442004413E+02
  0.341000000000E+00    0.299918963307E+02
  0.342000000000E+00    0.299397008156E+02
  0.343000000000E+00    0.298876145591E+02
  0.344000000000E+00    0.298356381992E+02
  0.345000000000E+00    0.297837723494E+02
  0.346000000000E+00    0.297320175994E+02
  0.347000000000E+00    0.296803745156E+02
  0.348000000000E+00    0.296288436413E+02
  0.349000000000E+00    0.295774254980E+02
  0.350000000000E+00    0.295261205852E+02
  0.351000000000E+00    0.294749293812E+02
  0.352000000000E+00    0.294238523439E+02
  0.353000000000E+00    0.293728899106E+02
  0.354000000000E+00    0.293220424991E+02
  0.355000000000E+00    0.292713105079E+02
  0.356000000000E+00    0.292206943168E+02
  0.357000000000E+00    0.291701942871E+02
  0.358000000000E+00    0.291198107622E+02
  0.359000000000E+00    0.290695440682E+02
  0.360000000000E+00    0.290193945139E+02
  0.361000000000E+00    0.289693623916E+02
  0.362000000000E+00    0.289194479773E+02
  0.363000000000E+00    0.288696515311E+02
  0.364000000000E+00    0.288199732976E+02
  0.365000000000E+00    0.287704135064E+02
  0.366000000000E+00    0.287209723722E+02
  0.367000000000E+00    0.286716500954E+02
  0.368000000000E+00    0.286224468622E+02
  0.369000000000E+00    0.285733628454E+02
  0.370000000000E+00    0.285243982040E+02
  0.371000000000E+00    0.284755530843E+02
  0.372000000000E+00    0.284268276197E+02
  0.373000000000E+00    0.283782219311E+02
  0.374000000000E+00    0.283297361275E+02
  0.375000000000E+00    0.282813703059E+02
  0.376000000000E+00    0.282331245517E+02
  0.377000000000E+00    0.281849989391E+02
  0.378000000000E+00    0.281369935314E+02
  0.379000000000E+00    0.280891083812E+02
  0.380000000000E+00    0.280413435304E+02
  0.381000000000E+00    0.279936990109E+02
  0.382000000000E+00    0.279461748448E+02
  0.383000000000E+00    0.278987710441E+02
  0.384000000000E+00    0.278514876117E+02
  0.385000000000E+00    0.278043245412E+02
  0.386000000000E+00    0.277572818170E+02
  0.387000000000E+00    0.277103594151E+02
  0.388000000000E+00    0.276635573026E+02
  0.389000000000E+00    0.276168754385E+02
  0.390000000000E+00    0.275703137736E+02
  0.391000000000E+00    0.275238722508E+02
  0.392000000000E+00    0.274775508053E+02
  0.393000000000E+00    0.274313493647E+02
  0.394000000000E+00    0.273852678493E+02
  0.395000000000E+00    0.273393061725E+02
  0.396000000000E+00    0.272934642403E+02
  0.397000000000E+00    0.272477419524E+02
  0.398000000000E+00    0.272021392015E+02
  0.399000000000E+00    0.271566558742E+02
  0.400000000000E+00    0.271112918506E+02
  0.401000000000E+00    0.270660470048E+02
  0.402000000000E+00    0.270209212050E+02
  0.403000000000E+00    0.269759143137E+02
  0.404000000000E+00    0.269310261874E+02
  0.405000000000E+00    0.268862566777E+02
  0.406000000000E+00    0.268416056304E+02
  0.407000000000E+00    0.267970728863E+02
  0.408000000000E+00    0.267526582811E+02
  0.409000000000E+00    0.267083616458E+02
  0.410000000000E+00    0.266641828064E+02
  0.411000000000E+00    0.266201215843E+02
  0.412000000000E+00    0.265761777964E+02
  0.413000000000E+00    0.265323512553E+02
  0.414000000000E+00    0.264886417693E+02
  0.415000000000E+00    0.264450491424E+02
  0.416000000000E+00    0.264015731748E+02
  0.417000000000E+00    0.263582136627E+02
  0.418000000000E+00    0.263149703985E+02
  0.419000000000E+00    0.262718431708E+02
  0.420000000000E+00    0.262288317649E+02
  0.421000000000E+00    0.261859359623E+02
  0.422000000000E+00    0.261431555414E+02
  0.423000000000E+00    0.261004902771E+02
  0.424000000000E+00    0.260579399413E+02
  0.425000000000E+00    0.260155043027E+02
  0.426000000000E+00    0.259731831271E+02
  0.427000000000E+00    0.259309761774E+02
  0.428000000000E+00    0.258888832136E+02
  0.429000000000E+00    0.258469039930E+02
  0.430000000000E+00    0.258050382705E+02
  0.431000000000E+00    0.257632857981E+02
  0.432000000000E+00    0.257216463256E+02
  0.433000000000E+00    0.256801196003E+02
  0.434000000000E+00    0.256387053673E+02
  0.435000000000E+00    0.255974033692E+02
  0.436000000000E+00    0.255562133468E+02
  0.437000000000E+00    0.255151350386E+02
  0.438000000000E+00    0.254741681812E+02
  0.439000000000E+00    0.254333125092E+02
  0.440000000000E+00    0.253925677552E+02
  0.441000000000E+00    0.253519336503E+02
  0.442000000000E+00    0.253114099237E+02
  0.443000000000E+00    0.252709963028E+02
  0.444000000000E+00    0.252306925136E+02
  0.445000000000E+00    0.251904982805E+02
  0.446000000000E+00    0.251504133263E+02
  0.447000000000E+00    0.251104373724E+02
  0.448000000000E+00    0.250705701390E+02
  0.449000000000E+00    0.250308113449E+02
  0.450000000000E+00    0.249911607074E+02
  0.451000000000E+00    0.249516179428E+02
  0.452000000000E+00    0.249121827664E+02
  0.453000000000E+00    0.248728548921E+02
  0.454000000000E+00    0.248336340328E+02
  0.455000000000E+00    0.247945199006E+02
  0.456000000000E+00    0.247555122064E+02
  0.457000000000E+00    0.247166106602E+02
  0.458000000000E+00    0.246778149714E+02
  0.459000000000E+00    0.246391248483E+02
  0.460000000000E+00    0.246005399985E+02
  0.461000000000E+00    0.245620601289E+02
  0.462000000000E+00    0.245236849456E+02
  0.463000000000E+00    0.244854141542E+02
  0.464000000000E+00    0.244472474596E+02
  0.465000000000E+00    0.244091845661E+02
  0.466000000000E+00    0.243712251776E+02
  0.467000000000E+00    0.243333689972E+02
  0.468000000000E+00    0.242956157278E+02
  0.469000000000E+00    0.242579650719E+02
  0.470000000000E+00    0.242204167314E+02
  0.471000000000E+00    0.241829704079E+02
  0.472000000000E+00    0.241456258028E+02
  0.473000000000E+00    0.241083826171E+02
  0.474000000000E+00    0.240712405515E+02
  0.475000000000E+00    0.240341993066E+02
  0.476000000000E+00    0.239972585826E+02
  0.477000000000E+00    0.239604180797E+02
  0.478000000000E+00    0.239236774978E+02
  0.479000000000E+00    0.238870365369E+02
  0.480000000000E+00    0.238504948967E+02
  0.481000000000E+00    0.238140522769E+02
  0.482000000000E+00    0.237777083772E+02
  0.483000000000E+00    0.237414628972E+02
  0.484000000000E+00    0.237053155367E+02
  0.485000000000E+00    0.236692659953E+02
  0.486000000000E+00    0.236333139727E+02
  0.487000000000E+00    0.235974591689E+02
  0.488000000000E+00    0.235617012838E+02
  0.489000000000E+00    0.235260400174E+02
  0.490000000000E+00    0.234904750700E+02
  0.491000000000E+00    0.234550061419E+02
  0.492000000000E+00    0.234196329338E+02
  0.493000000000E+00    0.233843551464E+02
  0.494000000000E+00    0.233491724807E+02
  0.495000000000E+00    0.233140846380E+02
  0.496000000000E+00    0.232790913199E+02
  0.497000000000E+00    0.232441922280E+02
  0.498000000000E+00    0.232093870646E+02
  0.499000000000E+00    0.231746755321E+02
  0.500000000000E+00    0.231400573332E+02
  0.501000000000E+00    0.231055321710E+02
  0.502000000000E+00    0.230710997490E+02
  0.503000000000E+00    0.230367597710E+02
  0.504000000000E+00    0.230025119414E+02
  0.505000000000E+00    0.229683559647E+02
  0.506000000000E+00    0.229342915461E+02
  0.507000000000E+00    0.229003183911E+02
  0.508000000000E+00    0.228664362056E+02
  0.509000000000E+00    0.228326446961E+02
  0.510000000000E+00    0.227989435695E+02
  0.511000000000E+00    0.227653325332E+02
  0.512000000000E+00    0.227318112952E+02
  0.513000000000E+00    0.226983795638E+02
  0.514000000000E+00    0.226650370480E+02
  0.515000000000E+00    0.226317834573E+02
  0.516000000000E+00    0.225986185017E+02
  0.517000000000E+00    0.225655418919E+02
  0.518000000000E+00    0.225325533389E+02
  0.519000000000E+00    0.224996525545E+02
  0.520000000000E+00    0.224668392511E+02
  0.521000000000E+00    0.224341131415E+02
  0.522000000000E+00    0.224014739393E+02
  0.523000000000E+00    0.223689213586E+02
  0.524000000000E+00    0.223364551142E+02
  0.525000000000E+00    0.223040749215E+02
  0.526000000000E+00    0.222717804964E+02
  0.527000000000E+00    0.222395715558E+02
  0.528000000000E+00    0.222074478169E+02
  0.529000000000E+00    0.221754089977E+02
  0.530000000000E+00    0.221434548169E+02
  0.531000000000E+00    0.221115849938E+02
  0.532000000000E+00    0.220797992485E+02
  0.533000000000E+00    0.220480973017E+02
  0.534000000000E+00    0.220164788747E+02
  0.535000000000E+00    0.219849436897E+02
  0.536000000000E+00    0.219534914695E+02
  0.537000000000E+00    0.219221219377E+02
  0.538000000000E+00    0.218908348184E+02
  0.539000000000E+00    0.218596298367E+02
  0.540000000000E+00    0.218285067183E+02
  0.541000000000E+00    0.217974651895E+02
  0.542000000000E+00    0.217665049776E+02
  0.543000000000E+00    0.217356258104E+02
  0.544000000000E+00    0.217048274167E+02
  0.545000000000E+00    0.216741095258E+02
  0.546000000000E+00    0.216434718679E+02
  0.547000000000E+00    0.216129141739E+02
  0.548000000000E+00    0.215824361756E+02
  0.549000000000E+00    0.215520376053E+02
  0.550000000000E+00    0.215217181963E+02
  0.551000000000E+00    0.214914776825E+02
  0.552000000000E+00    0.214613157989E+02
  0.553000000000E+00    0.214312322808E+02
  0.554000000000E+00    0.214012268647E+02
  0.555000000000E+00    0.213712992876E+02
  0.556000000000E+00    0.213414492875E+02
  0.557000000000E+00    0.213116766030E+02
  0.558000000000E+00    0.212819809737E+02
  0.559000000000E+00    0.212523621397E+02
  0.560000000000E+00    0.212228198423E+02
  0.561000000000E+00    0.211933538232E+02
  0.562000000000E+00    0.211639638252E+02
  0.563000000000E+00    0.211346495916E+02
  0.564000000000E+00    0.211054108668E+02
  0.565000000000E+00    0.210762473959E+02
  0.566000000000E+00    0.210471589248E+02
  0.567000000000E+00    0.210181452001E+02
  0.568000000000E+00    0.209892059694E+02
  0.569000000000E+00    0.209603409809E+02
  0.570000000000E+00    0.209315499839E+02
  0.571000000000E+00    0.209028327281E+02
  0.572000000000E+00    0.208741889645E+02
  0.573000000000E+00    0.208456184445E+02
  0.574000000000E+00    0.208171209206E+02
  0.575000000000E+00    0.207886961459E+02
  0.576000000000E+00    0.207603438744E+02
  0.577000000000E+00    0.207320638610E+02
  0.578000000000E+00    0.207038558614E+02
  0.579000000000E+00    0.206757196318E+02
  0.580000000000E+00    0.206476549298E+02
  0.581000000000E+00    0.206196615132E+02
  0.582000000000E+00    0.205917391411E+02
  0.583000000000E+00    0.205638875732E+02
  0.584000000000E+00    0.205361065700E+02
  0.585000000000E+00    0.205083958928E+02
  0.586000000000E+00    0.204807553039E+02
  0.587000000000E+00    0.204531845663E+02
  0.588000000000E+00    0.204256834436E+02
  0.589000000000E+00    0.203982517007E+02
  0.590000000000E+00    0.203708891028E+02
  0.591000000000E+00    0.203435954163E+02
  0.592000000000E+00    0.203163704082E+02
  0.593000000000E+00    0.202892138465E+02
  0.594000000000E+00    0.202621254997E+02
  0.595000000000E+00    0.202351051374E+02
  0.596000000000E+00    0.202081525299E+02
  0.597000000000E+00    0.201812674483E+02
  0.598000000000E+00    0.201544496646E+02
  0.599000000000E+00    0.201276989515E+02
  0.600000000000E+00    0.201010150825E+02
  0.601000000000E+00    0.200743978321E+02
  0.602000000000E+00    0.200478469753E+02
  0.603000000000E+00    0.200213622881E+02
  0.604000000000E+00    0.199949435473E+02
  0.605000000000E+00    0.199685905305E+02
  0.606000000000E+00    0.199423030160E+02
  0.607000000000E+00    0.199160807831E+02
  0.608000000000E+00    0.198899236115E+02
  0.609000000000E+00    0.198638312822E+02
  0.610000000000E+00    0.198378035767E+02
  0.611000000000E+00    0.198118402773E+02
  0.612000000000E+00    0.197859411671E+02
  0.613000000000E+00    0.197601060302E+02
  0.614000000000E+00    0.197343346512E+02
  0.615000000000E+00    0.197086268156E+02
  0.616000000000E+00    0.196829823097E+02
  0.617000000000E+00    0.196574009207E+02
  0.618000000000E+00    0.196318824363E+02
  0.619000000000E+00    0.196064266452E+02
  0.620000000000E+00    0.195810333369E+02
  0.621000000000E+00    0.195557023015E+02
  0.622000000000E+00    0.195304333300E+02
  0.623000000000E+00    0.195052262141E+02
  0.624000000000E+00    0.194800807465E+02
  0.625000000000E+00    0.194549967203E+02
  0.626000000000E+00    0.194299739296E+02
  0.627000000000E+00    0.194050121694E+02
  0.628000000000E+00    0.193801112350E+02
  0.629000000000E+00    0.193552709230E+02
  0.630000000000E+00    0.193304910304E+02
  0.631000000000E+00    0.193057713551E+02
  0.632000000000E+00    0.192811116958E+02
  0.633000000000E+00    0.192565118517E+02
  0.634000000000E+00    0.192319716232E+02
  0.635000000000E+00    0.192074908110E+02
  0.636000000000E+00    0.191830692167E+02
  0.637000000000E+00    0.191587066429E+02
  0.638000000000E+00    0.191344028926E+02
  0.639000000000E+00    0.191101577696E+02
  0.640000000000E+00    0.190859710787E+02
  0.641000000000E+00    0.190618426252E+02
  0.642000000000E+00    0.190377722150E+02
  0.643000000000E+00    0.190137596552E+02
  0.644000000000E+00    0.189898047532E+02
  0.645000000000E+00    0.189659073173E+02
  0.646000000000E+00    0.189420671565E+02
  0.647000000000E+00    0.189182840806E+02
  0.648000000000E+00    0.188945579001E+02
  0.649000000000E+00    0.188708884261E+02
  0.650000000000E+00    0.188472754705E+02
  0.651000000000E+00    0.188237188459E+02
  0.652000000000E+00    0.188002183657E+02
  0.653000000000E+00    0.187767738440E+02
  0.654000000000E+00    0.187533850954E+02
  0.655000000000E+00    0.187300519355E+02
  0.656000000000E+00    0.187067741804E+02
  0.657000000000E+00    0.186835516470E+02
  0.658000000000E+00    0.186603841529E+02
  0.659000000000E+00    0.186372715163E+02
  0.660000000000E+00    0.186142135563E+02
  0.661000000000E+00    0.185912100924E+02
  0.662000000000E+00    0.185682609450E+02
  0.663000000000E+00    0.185453659352E+02
  0.664000000000E+00    0.185225248848E+02
  0.665000000000E+00    0.184997376160E+02
  0.666000000000E+00    0.184770039521E+02
  0.667000000000E+00    0.184543237167E+02
  0.668000000000E+00    0.184316967345E+02
  0.669000000000E+00    0.184091228304E+02
  0.670000000000E+00    0.183866018303E+02
  0.671000000000E+00    0.183641335607E+02
  0.672000000000E+00    0.183417178488E+02
  0.673000000000E+00    0.183193545222E+02
  0.674000000000E+00    0.182970434096E+02
  0.675000000000E+00    0.182747843400E+02
  0.676000000000E+00    0.182525771432E+02
  0.677000000000E+00    0.182304216498E+02
  0.678000000000E+00    0.182083176907E+02
  0.679000000000E+00    0.181862650978E+02
  0.680000000000E+00    0.181642637035E+02
  0.681000000000E+00    0.181423133407E+02
  0.682000000000E+00    0.181204138433E+02
  0.683000000000E+00    0.180985650456E+02
  0.684000000000E+00    0.180767667825E+02
  0.685000000000E+00    0.180550188897E+02
  0.686000000000E+00    0.180333212034E+02
  0.687000000000E+00    0.180116735606E+02
  0.688000000000E+00    0.179900757987E+02
  0.689000000000E+00    0.179685277558E+02
  0.690000000000E+00    0.179470292709E+02
  0.691000000000E+00    0.179255801832E+02
  0.692000000000E+00    0.179041803328E+02
  0.693000000000E+00    0.178828295604E+02
  0.694000000000E+00    0.178615277071E+02
  0.695000000000E+00    0.178402746149E+02
  0.696000000000E+00    0.178190701263E+02
  0.697000000000E+00    0.177979140843E+02
  0.698000000000E+00    0.177768063326E+02
  0.699000000000E+00    0.177557467156E+02
  0.700000000000E+00    0.177347350782E+02
  0.701000000000E+00    0.177137712659E+02
  0.702000000000E+00    0.176928551247E+02
  0.703000000000E+00    0.176719865015E+02
  0.704000000000E+00    0.176511652434E+02
  0.705000000000E+00    0.176303911984E+02
  0.706000000000E+00    0.176096642150E+02
  0.707000000000E+00    0.175889841422E+02
  0.708000000000E+00    0.175683508297E+02
  0.709000000000E+00    0.175477641278E+02
  0.710000000000E+00    0.175272238871E+02
  0.711000000000E+00    0.175067299592E+02
  0.712000000000E+00    0.174862821960E+02
  0.713000000000E+00    0.174658804500E+02
  0.714000000000E+00    0.174455245744E+02
  0.715000000000E+00    0.174252144228E+02
  0.716000000000E+00    0.174049498494E+02
  0.717000000000E+00    0.173847307092E+02
  0.718000000000E+00    0.173645568574E+02
  0.719000000000E+00    0.173444281500E+02
  0.720000000000E+00    0.173243444434E+02
  0.721000000000E+00    0.173043055948E+02
  0.722000000000E+00    0.172843114617E+02
  0.723000000000E+00    0.172643619022E+02
  0.724000000000E+00    0.172444567752E+02
  0.725000000000E+00    0.172245959397E+02
  0.726000000000E+00    0.172047792556E+02
  0.727000000000E+00    0.171850065832E+02
  0.728000000000E+00    0.171652777835E+02
  0.729000000000E+00    0.171455927177E+02
  0.730000000000E+00    0.171259512479E+02
  0.731000000000E+00    0.171063532365E+02
  0.732000000000E+00    0.170867985465E+02
  0.733000000000E+00    0.170672870415E+02
  0.734000000000E+00    0.170478185855E+02
  0.735000000000E+00    0.170283930431E+02
  0.736000000000E+00    0.170090102795E+02
  0.737000000000E+00    0.169896701601E+02
  0.738000000000E+00    0.169703725513E+02
  0.739000000000E+00    0.169511173196E+02
  0.740000000000E+00    0.169319043323E+02
  0.741000000000E+00    0.169127334570E+02
  0.742000000000E+00    0.168936045619E+02
  0.743000000000E+00    0.168745175158E+02
  0.744000000000E+00    0.168554721878E+02
  0.745000000000E+00    0.168364684477E+02
  0.746000000000E+00    0.168175061657E+02
  0.747000000000E+00    0.167985852124E+02
  0.748000000000E+00    0.167797054592E+02
  0.749000000000E+00    0.167608667777E+02
  0.750000000000E+00    0.167420690401E+02
  0.751000000000E+00    0.167233121192E+02
  0.752000000000E+00    0.167045958880E+02
  0.753000000000E+00    0.166859202203E+02
  0.754000000000E+00    0.166672849903E+02
  0.755000000000E+00    0.166486900725E+02
  0.756000000000E+00    0.166301353421E+02
  0.757000000000E+00    0.166116206747E+02
  0.758000000000E+00    0.165931459463E+02
  0.759000000000E+00    0.165747110336E+02
  0.760000000000E+00    0.165563158134E+02
  0.761000000000E+00    0.165379601634E+02
  0.762000000000E+00    0.165196439615E+02
  0.763000000000E+00    0.165013670862E+02
  0.764000000000E+00    0.164831294162E+02
  0.765000000000E+00    0.164649308310E+02
  0.766000000000E+00    0.164467712104E+02
  0.767000000000E+00    0.164286504347E+02
  0.768000000000E+00    0.164105683845E+02
  0.769000000000E+00    0.163925249412E+02
  0.770000000000E+00    0.163745199863E+02
  0.771000000000E+00    0.163565534020E+02
  0.772000000000E+00    0.163386250708E+02
  0.773000000000E+00    0.163207348756E+02
  0.774000000000E+00    0.163028827000E+02
  0.775000000000E+00    0.162850684278E+02
  0.776000000000E+00    0.162672919433E+02
  0.777000000000E+00    0.162495531314E+02
  0.778000000000E+00    0.162318518772E+02
  0.779000000000E+00    0.162141880663E+02
  0.780000000000E+00    0.161965615848E+02
  0.781000000000E+00    0.161789723193E+02
  0.782000000000E+00    0.161614201567E+02
  0.783000000000E+00    0.161439049844E+02
  0.784000000000E+00    0.161264266901E+02
  0.785000000000E+00    0.161089851621E+02
  0.786000000000E+00    0.160915802890E+02
  0.787000000000E+00    0.160742119599E+02
  0.788000000000E+00    0.160568800643E+02
  0.789000000000E+00    0.160395844921E+02
  0.790000000000E+00    0.160223251337E+02
  0.791000000000E+00    0.160051018797E+02
  0.792000000000E+00    0.159879146213E+02
  0.793000000000E+00    0.159707632501E+02
  0.794000000000E+00    0.159536476581E+02
  0.795000000000E+00    0.159365677376E+02
  0.796000000000E+00    0.159195233815E+02
  0.797000000000E+00    0.159025144829E+02
  0.798000000000E+00    0.158855409354E+02
  0.799000000000E+00    0.158686026331E+02
  0.800000000000E+00    0.158516994703E+02
  0.801000000000E+00    0.158348313418E+02
  0.802000000000E+00    0.158179981428E+02
  0.803000000000E+00    0.158011997689E+02
  0.804000000000E+00    0.157844361161E+02
  0.805000000000E+00    0.157677070807E+02
  0.806000000000E+00    0.157510125595E+02
  0.807000000000E+00    0.157343524497E+02
  0.808000000000E+00    0.157177266487E+02
  0.809000000000E+00    0.157011350546E+02
  0.810000000000E+00    0.156845775655E+02
  0.811000000000E+00    0.156680540803E+02
  0.812000000000E+00    0.156515644978E+02
  0.813000000000E+00    0.156351087177E+02
  0.814000000000E+00    0.156186866396E+02
  0.815000000000E+00    0.156022981638E+02
  0.816000000000E+00    0.155859431909E+02
  0.817000000000E+00    0.155696216217E+02
  0.818000000000E+00    0.155533333576E+02
  0.819000000000E+00    0.155370783003E+02
  0.820000000000E+00    0.155208563517E+02
  0.821000000000E+00    0.155046674143E+02
  0.822000000000E+00    0.154885113909E+02
  0.823000000000E+00    0.154723881846E+02
  0.824000000000E+00    0.154562976988E+02
  0.825000000000E+00    0.154402398375E+02
  0.826000000000E+00    0.154242145048E+02
  0.827000000000E+00    0.154082216053E+02
  0.828000000000E+00    0.153922610439E+02
  0.829000000000E+00    0.153763327259E+02
  0.830000000000E+00    0.153604365569E+02
  0.831000000000E+00    0.153445724429E+02
  0.832000000000E+00    0.153287402901E+02
  0.833000000000E+00    0.153129400054E+02
  0.834000000000E+00    0.152971714956E+02
  0.835000000000E+00    0.152814346681E+02
  0.836000000000E+00    0.152657294306E+02
  0.837000000000E+00    0.152500556912E+02
  0.838000000000E+00    0.152344133582E+02
  0.839000000000E+00    0.152188023404E+02
  0.840000000000E+00    0.152032225469E+02
  0.841000000000E+00    0.151876738869E+02
  0.842000000000E+00    0.151721562702E+02
  0.843000000000E+00    0.151566696070E+02
  0.844000000000E+00    0.151412138075E+02
  0.845000000000E+00    0.151257887824E+02
  0.846000000000E+00    0.151103944430E+02
  0.847000000000E+00    0.150950307004E+02
  0.848000000000E+00    0.150796974664E+02
  0.849000000000E+00    0.150643946530E+02
  0.850000000000E+00    0.150491221726E+02
  0.851000000000E+00    0.150338799379E+02
  0.852000000000E+00    0.150186678617E+02
  0.853000000000E+00    0.150034858575E+02
  0.854000000000E+00    0.149883338388E+02
  0.855000000000E+00    0.149732117195E+02
  0.856000000000E+00    0.149581194141E+02
  0.857000000000E+00    0.149430568368E+02
  0.858000000000E+00    0.149280239028E+02
  0.859000000000E+00    0.149130205271E+02
  0.860000000000E+00    0.148980466253E+02
  0.861000000000E+00    0.148831021131E+02
  0.862000000000E+00    0.148681869067E+02
  0.863000000000E+00    0.148533009225E+02
  0.864000000000E+00    0.148384440772E+02
  0.865000000000E+00    0.148236162878E+02
  0.866000000000E+00    0.148088174716E+02
  0.867000000000E+00    0.147940475464E+02
  0.868000000000E+00    0.147793064299E+02
  0.869000000000E+00    0.147645940404E+02
  0.870000000000E+00    0.147499102965E+02
  0.871000000000E+00    0.147352551170E+02
  0.872000000000E+00    0.147206284209E+02
  0.873000000000E+00    0.147060301276E+02
  0.874000000000E+00    0.146914601569E+02
  0.875000000000E+00    0.146769184287E+02
  0.876000000000E+00    0.146624048634E+02
  0.877000000000E+00    0.146479193814E+02
  0.878000000000E+00    0.146334619035E+02
  0.879000000000E+00    0.146190323511E+02
  0.880000000000E+00    0.146046306453E+02
  0.881000000000E+00    0.145902567080E+02
  0.882000000000E+00    0.145759104611E+02
  0.883000000000E+00    0.145615918269E+02
  0.884000000000E+00    0.145473007280E+02
  0.885000000000E+00    0.145330370870E+02
  0.886000000000E+00    0.145188008272E+02
  0.887000000000E+00    0.145045918718E+02
  0.888000000000E+00    0.144904101446E+02
  0.889000000000E+00    0.144762555695E+02
  0.890000000000E+00    0.144621280706E+02
  0.891000000000E+00    0.144480275724E+02
  0.892000000000E+00    0.144339539996E+02
  0.893000000000E+00    0.144199072773E+02
  0.894000000000E+00    0.144058873307E+02
  0.895000000000E+00    0.143918940853E+02
  0.896000000000E+00    0.143779274670E+02
  0.897000000000E+00    0.143639874018E+02
  0.898000000000E+00    0.143500738159E+02
  0.899000000000E+00    0.143361866362E+02
  0.900000000000E+00    0.143223257892E+02
  0.901000000000E+00    0.143084912023E+02
  0.902000000000E+00    0.142946828027E+02
  0.903000000000E+00    0.142809005181E+02
  0.904000000000E+00    0.142671442764E+02
  0.905000000000E+00    0.142534140056E+02
  0.906000000000E+00    0.142397096343E+02
  0.907000000000E+00    0.142260310910E+02
  0.908000000000E+00    0.142123783046E+02
  0.909000000000E+00    0.141987512044E+02
  0.910000000000E+00    0.141851497197E+02
  0.911000000000E+00    0.141715737801E+02
  0.912000000000E+00    0.141580233155E+02
  0.913000000000E+00    0.141444982562E+02
  0.914000000000E+00    0.141309985325E+02
  0.915000000000E+00    0.141175240750E+02
  0.916000000000E+00    0.141040748146E+02
  0.917000000000E+00    0.140906506825E+02
  0.918000000000E+00    0.140772516100E+02
  0.919000000000E+00    0.140638775287E+02
  0.920000000000E+00    0.140505283705E+02
  0.921000000000E+00    0.140372040675E+02
  0.922000000000E+00    0.140239045519E+02
  0.923000000000E+00    0.140106297564E+02
  0.924000000000E+00    0.139973796138E+02
  0.925000000000E+00    0.139841540570E+02
  0.926000000000E+00    0.139709530194E+02
  0.927000000000E+00    0.139577764345E+02
  0.928000000000E+00    0.139446242360E+02
  0.929000000000E+00    0.139314963578E+02
  0.930000000000E+00    0.139183927343E+02
  0.931000000000E+00    0.139053132997E+02
  0.932000000000E+00    0.138922579887E+02
  0.933000000000E+00    0.138792267363E+02
  0.934000000000E+00    0.138662194775E+02
  0.935000000000E+00    0.138532361477E+02
  0.936000000000E+00    0.138402766825E+02
  0.937000000000E+00    0.138273410175E+02
  0.938000000000E+00    0.138144290889E+02
  0.939000000000E+00    0.138015408328E+02
  0.940000000000E+00    0.137886761857E+02
  0.941000000000E+00    0.137758350843E+02
  0.942000000000E+00    0.137630174654E+02
  0.943000000000E+00    0.137502232662E+02
  0.944000000000E+00    0.137374524240E+02
  0.945000000000E+00    0.137247048764E+02
  0.946000000000E+00    0.137119805610E+02
  0.947000000000E+00    0.136992794158E+02
  0.948000000000E+00    0.136866013791E+02
  0.949000000000E+00    0.136739463893E+02
  0.950000000000E+00    0.136613143848E+02
  0.951000000000E+00    0.136487053047E+02
  0.952000000000E+00    0.136361190878E+02
  0.953000000000E+00    0.136235556735E+02
  0.954000000000E+00    0.136110150012E+02
  0.955000000000E+00    0.135984970105E+02
  0.956000000000E+00    0.135860016413E+02
  0.957000000000E+00    0.135735288337E+02
  0.958000000000E+00    0.135610785280E+02
  0.959000000000E+00    0.135486506646E+02
  0.960000000000E+00    0.135362451842E+02
  0.961000000000E+00    0.135238620277E+02
  0.962000000000E+00    0.135115011362E+02
  0.963000000000E+00    0.134991624509E+02
  0.964000000000E+00    0.134868459135E+02
  0.965000000000E+00    0.134745514655E+02
  0.966000000000E+00    0.134622790488E+02
  0.967000000000E+00    0.134500286055E+02
  0.968000000000E+00    0.134378000780E+02
  0.969000000000E+00    0.134255934087E+02
  0.970000000000E+00    0.134134085402E+02
  0.971000000000E+00    0.134012454154E+02
  0.972000000000E+00    0.133891039774E+02
  0.973000000000E+00    0.133769841695E+02
  0.974000000000E+00    0.133648859350E+02
  0.975000000000E+00    0.133528092177E+02
  0.976000000000E+00    0.133407539613E+02
  0.977000000000E+00    0.133287201099E+02
  0.978000000000E+00    0.133167076077E+02
  0.979000000000E+00    0.133047163991E+02
  0.980000000000E+00    0.132927464286E+02
  0.981000000000E+00    0.132807976411E+02
  0.982000000000E+00    0.132688699815E+02
  0.983000000000E+00    0.132569633949E+02
  0.984000000000E+00    0.132450778266E+02
  0.985000000000E+00    0.132332132222E+02
  0.986000000000E+00    0.132213695274E+02
  0.987000000000E+00    0.132095466881E+02
  0.988000000000E+00    0.131977446502E+02
  0.989000000000E+00    0.131859633601E+02
  0.990000000000E+00    0.131742027641E+02
  0.991000000000E+00    0.131624628088E+02
  0.992000000000E+00    0.131507434411E+02
  0.993000000000E+00    0.131390446079E+02
  0.994000000000E+00    0.131273662563E+02
  0.995000000000E+00    0.131157083336E+02
  0.996000000000E+00    0.131040707874E+02
  0.997000000000E+00    0.130924535652E+02
  0.998000000000E+00    0.130808566149E+02
  0.999000000000E+00    0.130692798845E+02
  0.100000000000E+01    0.130577233222E+02
